时间	成本加成定价	销量	成本加成定价	销量	成本加成定价	销量	成本加成定价	销量	成本加成定价	销量	成本加成定价	销量
2020/7/1	8.13808	54.548	12.925	4.119	3.91264	14.748	20.4876	7.693	4.2004	17.713	15.2964	34.554
2020/7/2	8.5376	1.667	12.925	4.342	6.8172	11.556	22.53636	17.345	4.2004	17.767	10.5354	13.834
2020/7/3	8.13808	32.351	12.925	9.572	12.784	3.478	22.53636	15.29	7.4249	17.553	9.3648	15.616
2020/7/4	8.5376	3.948	12.925	3.107	4.40172	9.638	7.2401	16.702	4.2004	24.022	15.2964	42.815
2020/7/5	12.936	8.475	12.925	4.019	9.22	34.249	22.53636	18.406	4.2004	24.423	15.2964	42.365
2020/7/6	15.4252	10.36	12.925	3.089	4.8908	14.098	22.53636	13.35	8.4856	8.96	15.2964	24.434
2020/7/7	8.5664	8.51	12.925	3.117	6.7686	28.214	7.86068	16.797	8.4856	14.6	10.5354	22.699
2020/7/8	15.4252	20.043	16.8864	8.239	17.2144	5.33	22.53636	14.827	8.4856	18.588	10.5354	20.792
2020/7/9	13.9596	1.252	12.925	2.106	17.2144	3.761	7.86068	14.091	13.3128	7.755	15.2964	25.205
2020/7/10	27.31188	3.835	16.8864	6.45	6.5052	17.277	10.505	11.479	4.2004	15.025	15.2964	27.932
2020/7/11	10.708	23.279	16.8864	7.464	5.681	23.588	22.53636	19.213	4.2004	34.252	8.1942	39.843
2020/7/12	10.708	37.995	16.8864	9.317	17.2144	6.829	22.53636	15.752	4.2004	23.87	8.1942	30.925
2020/7/13	11.633	1.654	12.925	3.098	6.7686	25.289	15.2586	1.309	4.2004	16.132	15.2964	15.624
2020/7/14	8.5376	2.608	12.925	1.323	4.5448	11.935	8.2744	13.652	4.2004	15.705	7.0236	30.354
2020/7/15	9.6372	35.74	13.82574	8.422	6.7686	43.618	8.2744	12.858	8.4856	13.849	7.0236	19.162
2020/7/16	12.936	5.059	16.8864	8.467	11.525	25.015	19.7802	1.897	8.4856	7.693	7.0236	16.071
2020/7/17	9.6372	27.92	16.8864	7.809	6.5052	16.789	12.606	11.403	11.094	13.39	15.2964	25.149
2020/7/18	10.708	26.14	16.8864	8.575	4.5448	8.314	22.53636	22.47	4.83046	23.755	15.2964	35.15
2020/7/19	10.708	43.211	16.8864	8.667	4.96364	76.615	22.53636	33.406	6.25813	35.706	7.0236	31.561
2020/7/20	9.9162	21.283	16.8864	7.122	4.5448	13.142	22.53636	13.335	8.4856	14.362	7.0236	30.62
2020/7/21	9.6372	28.999	16.8864	7.829	4.5448	11.029	22.53636	11.977	5.35551	9.284	7.0236	26.942
2020/7/22	8.8144	34.669	15.51	2.521	5.421	38.136	22.53636	14.979	11.094	14.121	7.0236	26.442
2020/7/23	8.8144	10.339	15.51	2.314	4.8908	14.448	15.2586	3.063	11.094	11.645	15.2964	17.907
2020/7/24	8.11072	2.796	16.8864	8.286	5.421	29.818	9.92928	10.405	5.88056	3.656	9.3648	19.162
2020/7/25	9.6372	64.439	16.8864	8.529	17.2144	8.235	20.03232	19.229	8.4856	12.684	15.2964	28.771
2020/7/26	8.8144	13.76	39.4479	2.57	11.525	54.457	22.53636	23.106	8.43144	18.053	15.2964	35.36
2020/7/27	22.12848	2.275	12.6648	13.548	13.83	26.238	15.2586	1.804	2.55162	15.266	15.2964	21.696
2020/7/28	9.6372	41.195	12.6648	11.93	9.096	11.58	10.343	14.589	9.5463	17.651	9.3648	17.746
2020/7/29	9.6372	56.242	18.095	2.067	9.096	20.644	10.505	14.294	8.8752	14.113	9.3648	16.519
2020/7/30	9.6372	30.611	12.6648	10.008	8.7544	34.776	10.505	11.155	9.5463	18.286	9.3648	22.837
2020/7/31	22.12848	2.795	11.6094	17.846	13.83	19.111	22.53636	10.265	9.5463	14.177	9.3648	21.682
2020/8/1	28.37742	1.16	11.6094	19.736	9.096	37.297	3.7555	5	8.4856	15.69	15.2964	29.784
2020/8/2	8.8144	11.218	39.4479	0.864	7.6704	4.85	3.7555	5	7.4249	25.3	15.2964	27.125
2020/8/3	9.6372	61.151	39.4479	0.902	9.096	8.511	6.25164	2	7.4249	16.565	15.2964	22.77
2020/8/4	9.6372	54.463	11.6094	23.401	13.83	17.016	10.343	14.069	8.8752	11.117	15.2964	21.353
2020/8/5	9.6372	50.57	15.51	1.552	5.681	25.766	3.7555	7	8.4856	17.772	9.3648	27.404
2020/8/6	16.9376	2.754	11.6094	18.206	13.83	20.564	10.343	13.491	8.4856	20.692	9.3648	29.517
2020/8/7	9.6372	53.052	15.51	2.103	5.681	7.352	19.7802	1.635	8.8752	11.982	9.3648	20.856
2020/8/8	9.6372	74.014	15.51	1.586	10.1529	35.347	20.4876	15.141	4.2428	40.254	15.2964	25.77
2020/8/9	6.4032	3.728	15.51	2.312	5.681	10.904	10.343	11.976	6.3006	9.197	15.2964	36.037
2020/8/10	10.708	52.251	15.51	1.62	11.525	24.445	22.53636	11.581	6.6564	14.719	15.2964	28.181
2020/8/11	12.7032	2.418	15.51	1.043	9.2488	35.505	10.505	10.97	6.6564	7.913	10.5354	28.922
2020/8/12	8.5376	2.795	10.554	22.016	4.5448	11.962	10.343	6.396	8.4856	13.66	10.5354	23.922
2020/8/13	10.708	33.73	10.554	16.416	9.096	25.285	19.7802	1.947	8.4856	13.735	14.2038	23.005
2020/8/14	10.586	2.392	10.554	20.886	4.98732	38.198	10.343	13.069	8.4856	23.571	14.2038	25.977
2020/8/15	10.708	60.187	9.28752	22.39	4.09032	9.13	22.53636	14.662	6.3006	8.932	9.3648	70.22
2020/8/16	10.708	56.89	9.28752	22.007	8.0927	45.549	19.7802	2.203	7.7658	22.868	9.3648	28.16
2020/8/17	11.176	3.938	18.095	1.516	4.8908	17.592	22.53636	8.489	6.3006	6.391	14.2038	24.231
2020/8/18	10.708	38.56	9.28752	20.255	9.0248	29.157	22.53636	10.522	7.7658	9.402	9.3648	29.855
2020/8/19	6.4032	4.817	9.28752	15.9	9.096	11.293	6.63278	2	6.3006	7.141	10.926	39.409
2020/8/20	8.5664	46.776	9.28752	20.891	8.7544	14.348	22.53636	13.159	7.3507	9.887	10.926	36.802
2020/8/21	8.5664	47.75	9.28752	22.791	4.5448	9.422	10.505	11.865	7.3507	11.592	9.3648	23.271
2020/8/22	10.586	5.595	9.28752	21.992	9.22	31.245	22.53636	11.61	7.3507	4.873	9.3648	26.719
2020/8/23	8.8144	15.187	15.51	1.127	9.0248	28.008	10.505	10.926	7.3507	7.824	14.2038	40.565
2020/8/24	8.13808	59.968	15.51	1.202	4.6244	74.578	10.505	9.553	10.607	12.245	9.3648	20.801
2020/8/25	8.13808	70.585	15.51	1.904	4.6244	187.729	22.53636	12.489	7.3507	5.015	10.5354	23.343
2020/8/26	10.586	2.451	9.28752	16.631	4.3368	49.081	27.08916	12.263	13.3128	8.933	9.3648	23.787
2020/8/27	8.624	5.188	15.51	1.845	4.3368	11.583	6.63278	6	8.4008	10.778	13.1112	72.452
2020/8/28	6.4248	133.609	41.9289	1.588	9.22	31.005	27.08916	11.118	8.4008	9.813	9.3648	23.026
2020/8/29	6.4248	114.658	8.4432	65.118	6.9366	44.266	27.08916	12.337	13.7891	15.544	9.3648	24.474
2020/8/30	6.4248	118.332	8.4432	26.934	4.3368	13.771	17.4384	1.209	8.4008	8.122	13.1112	42.367
2020/8/31	8.49376	10.108	8.4432	50.933	9.22	52.387	10.505	11.58	8.5368	4.273	9.3648	27.433
2020/9/1	6.4248	76.121	8.4432	45.554	11.443	15.103	12.606	11.173	8.5368	3.195	9.3648	25.906
2020/9/2	6.4248	62.249	15.51	1.427	6.9366	29.868	10.343	10.02	13.7891	5.462	9.3648	17.659
2020/9/3	6.4248	61.676	15.51	1.294	4.3368	29.485	22.53636	9.921	8.4008	6.63	13.1112	18.804
2020/9/4	6.4248	70.559	8.4432	13.171	8.7544	27.785	17.4384	1.058	8.5368	5.038	9.3648	24.814
2020/9/5	6.4248	81.69	15.51	1.745	10.98528	35.959	19.7802	2.554	8.4008	14.311	13.1112	29.959
2020/9/6	11.018	18.454	8.02104	46.129	11.281	17.964	12.606	12.567	12.7284	12.774	13.1112	30.149
2020/9/7	8.5664	36.67	8.02104	37.507	10.3725	20.516	22.53636	8.362	12.7284	6.051	11.706	10.865
2020/9/8	8.5664	31.283	8.4432	19.127	4.3368	10	12.606	9.193	8.5368	5.339	11.706	13.609
2020/9/9	8.5664	25.944	18.095	0.858	5.784	7.791	12.606	6.863	6.4026	3.01	13.1112	18.17
2020/9/10	11.018	4.828	8.4432	13.712	9.1544	16.195	22.53636	9.273	12.7284	7.347	13.1112	48.941
2020/9/11	10.708	27.584	18.095	0.644	21.30282	4.415	22.53636	11.877	7.3507	14.515	13.1112	9.841
2020/9/12	10.708	28.579	8.4432	16.957	10.1529	23.418	19.7802	1.637	7.3507	8.096	12.0186	30.741
2020/9/13	10.708	49.087	18.095	1.052	3.90312	13.459	22.53636	25.428	12.7284	17.145	12.0186	28.722
2020/9/14	10.72896	4.019	8.4432	16.217	6.63712	6.918	22.53636	10.757	10.607	9.903	12.0186	49.456
2020/9/15	10.72896	4.655	8.4432	14.348	9.1544	22.009	19.7802	1.758	7.3507	5.145	12.0186	18.473
2020/9/16	10.78	3.256	7.3878	17.316	4.03826	14.123	10.343	8.722	10.607	8.918	12.0186	45.961
2020/9/17	12.8496	22.187	7.3878	17.437	3.86308	7.487	19.7802	1.581	10.607	10.834	12.0186	18.781
2020/9/18	10.708	29.937	18.095	1.259	3.86308	8.107	22.53636	9.556	7.3507	4.899	12.0186	15.21
2020/9/19	13.4112	12.247	8.4432	38.336	11.37	17.101	22.53636	11.004	10.607	12.93	8.1942	25.69
2020/9/20	12.936	6.104	18.095	1.201	6.822	52.276	24.81276	12.811	5.3355	8.695	8.1942	32.308
2020/9/21	15.6464	4.112	8.4432	16.289	8.40864	7.44	24.81276	9.967	8.4008	8.85	13.1112	18.474
2020/9/22	10.708	48.183	18.095	1.367	4.6272	7.565	24.81276	15.129	5.3355	9.602	13.1112	26.505
2020/9/23	11.7788	33.028	8.4432	17.283	7.1112	5.636	13.392	7.313	8.4856	10.726	11.706	13.819
2020/9/24	13.2216	7.84	8.4432	51.106	11.064	41.111	8.2744	16.225	8.4856	10.702	15.2964	22.639
2020/9/25	11.7788	30.548	8.4432	20.343	11.281	7.028	24.81276	12.095	5.3355	13.716	15.2964	32.512
2020/9/26	10.708	47.666	8.4432	62.839	4.6272	7.99	13.392	4.007	5.3355	11.869	15.2964	52.138
2020/9/27	14.8204	1.612	8.4432	27.116	8.8512	5.651	13.392	2.94	8.4856	10.266	15.2964	15.171
2020/9/28	9.6372	21.966	8.4432	10.966	6.7302	10.17	8.2744	10.571	7.4249	6.979	11.706	11.784
2020/9/29	17.8816	6.341	18.095	0.801	6.7302	9.382	8.2744	7.861	5.3355	7.994	11.706	12.975
2020/9/30	11.858	5.127	18.095	1.21	9.096	17.949	24.81276	35.064	5.3355	10.022	15.2964	40.032
2020/10/1	12.7032	3.254	8.4432	53.561	16.5914	17.921	24.81276	38.695	7.4249	14.987	15.2964	66.058
2020/10/2	17.8816	6.191	8.4432	18.385	14.2212	28.799	19.6182	1.04	5.88056	8.764	15.2964	46.429
2020/10/3	9.6372	55.733	8.4432	17.645	8.7544	71.582	33.28064	0.853	6.6564	16.706	9.3648	15.29
2020/10/4	9.6372	49.878	8.4432	18.41	9.2488	11.154	6.2058	58.852	6.3642	19.766	9.3648	14.298
2020/10/5	10.708	63.268	8.4432	76.672	10.2987	27.219	13.392	4.482	6.3642	11.69	7.0236	52.465
2020/10/6	10.708	58.641	8.4432	25.241	14.2212	28.11	24.81276	17.258	6.3642	19.484	7.0236	88.508
2020/10/7	19.0548	3.966	8.4432	52.156	7.7448	65.557	33.28064	0.551	7.00062	8.251	7.0236	27.73
2020/10/8	19.7982	2.108	8.4432	30.566	13.5372	5.845	19.6182	1.03	7.4249	7.091	15.2964	19.808
2020/10/9	14.9408	0.859	8.4432	50.825	6.822	5.57	22.53636	8.826	7.4249	12.208	8.1942	18.754
2020/10/10	9.6372	34.649	8.4432	21.803	14.2212	8.29	22.53636	21.722	7.4249	7.164	15.2964	16.919
2020/10/11	10.708	47.441	8.4432	56.572	6.7302	33.986	5.39147	111	8.8752	9.624	8.1942	24.24
2020/10/12	10.708	34.722	15.51	1.837	9.22	11.98	5.39147	66	8.4008	1.905	8.1942	21.52
2020/10/13	10.708	33.64	8.4432	49.701	8.7544	15.2	22.53636	8.959	6.4026	3.78	15.2964	17.385
2020/10/14	10.708	30.337	8.4432	46.207	11.561	10.524	10.343	13.976	8.43144	4.71	13.1112	24.161
2020/10/15	10.708	30.275	8.4432	42.162	9.22	32.872	8.928	9.113	8.43144	5.436	10.05192	36.058
2020/10/16	13.4112	3.131	8.4432	58.973	8.8512	11.104	20.03232	19.952	8.43144	5.673	10.926	44.818
2020/10/17	8.5664	73.228	8.4432	87.12	9.0248	13.774	20.03232	38.144	6.3642	17.712	7.0236	26.273
2020/10/18	8.5664	67.262	8.4432	79.338	8.8512	10.553	20.03232	45.805	6.3642	15.151	7.0236	24.416
2020/10/19	8.5664	41.3	8.4432	40.6	7.6704	2.743	8.2744	12.647	6.3642	7.107	10.926	36.458
2020/10/20	15.4252	3.892	8.4432	49.434	16.0752	2.841	7.75698	3	5.97576	1.738	10.926	14.263
2020/10/21	8.13808	32.629	8.4432	21.201	5.02152	43	22.53636	11.996	7.4249	6.348	10.926	24.362
2020/10/22	8.13808	34.872	8.4432	35.917	5.685	9.837	6.2496	8.869	5.97576	1.577	10.926	13.3
2020/10/23	17.8816	3.349	8.4432	30.567	12.7524	9.234	10.505	7.005	6.3642	8.964	8.1942	10.219
2020/10/24	8.13808	55.191	8.4432	67.932	11.525	23.833	6.696	11.172	8.8752	5.163	8.1942	15.976
2020/10/25	8.5664	49.46	8.4432	71.16	2.4454	54.702	7.812	8.741	6.3642	15.656	8.1942	22.691
2020/10/26	31.54628	1.446	8.4432	20.666	2.4454	43.492	20.4876	12.406	8.8752	3.283	12.0186	14.19
2020/10/27	8.5664	32.58	8.4432	21.273	11.525	16.552	8.928	6.655	7.4249	4.24	10.926	21.929
2020/10/28	8.5664	38.087	8.4432	32.418	2.4454	52.582	6.696	6.439	7.7658	4.643	10.926	15.998
2020/10/29	8.5664	40.293	8.4432	15.828	7.40322	7.752	20.4876	12.781	7.4249	7.767	10.05192	13.9
2020/10/30	8.5664	34.5	8.4432	18.769	9.4808	3.823	20.4876	17.127	8.8752	4.124	10.05192	18.452
2020/10/31	8.5664	57.773	8.4432	79.265	2.4454	63.291	20.4876	39.348	5.97576	3.567	10.05192	60.735
2020/11/1	7.4956	55.845	8.4432	71.332	2.4454	60.06	6.696	7.358	7.3507	4.17	10.48896	53.91
2020/11/2	7.4956	35.978	8.4432	15.053	4.2508	11.632	22.53636	14.778	7.4249	2.924	10.48896	20.803
2020/11/3	6.4248	55.675	8.4432	15.727	4.4868	22.942	22.53636	11.695	7.4249	4.7	10.05192	40.187
2020/11/4	6.4248	48.883	8.4432	18.183	11.561	0.882	2.72125	145	8.43144	0.712	5.853	14.822
2020/11/5	7.4956	31.747	8.4432	8.347	3.1881	21.581	6.2058	8.679	6.3006	2.709	8.30376	43.779
2020/11/6	7.4956	37.498	8.4432	13.443	4.4868	28.32	6.696	9.267	8.43144	1.439	8.30376	21.562
2020/11/7	7.4956	44.808	8.4432	71.413	4.4256	64.226	3.15665	13	6.3642	5.335	4.6824	60.909
2020/11/8	17.6288	5.082	8.4432	58.207	3.58944	25.16	10.505	3.837	6.3006	1.924	4.6824	57.943
2020/11/9	6.4248	51.41	8.4432	14.579	11.525	14.384	18.2112	11.328	5.97576	2.672	7.6482	39.625
2020/11/10	23.74674	0.188	8.4432	12.103	3.3651	21.21	15.9348	11.671	8.43144	2.468	8.7408	10.578
2020/11/11	17.6288	3.093	8.4432	14.727	1.71178	50.219	6.696	9.353	6.3642	8.445	4.6824	7.614
2020/11/12	17.6288	2.735	8.4432	13.497	3.3651	19.436	6.696	7.675	5.97576	3.118	6.5556	12.075
2020/11/13	6.4248	57.462	8.4432	13.053	7.1106	10.369	15.9348	9.366	6.3642	5.017	6.5556	45.656
2020/11/14	15.092	6.295	7.3878	58.127	6.7686	10.284	18.2112	17.113	5.3035	15.26	6.11856	75.861
2020/11/15	17.6288	4.112	7.3878	45.353	10.3725	22.477	18.2112	5.158	6.3006	3.228	6.11856	70.059
2020/11/16	7.06728	32.195	8.4432	14.45	1.71178	36.303	2.72125	12	5.3035	9.296	6.11856	41.351
2020/11/17	13.4112	4.316	8.4432	24.762	1.46724	85.255	2.72125	92	6.3006	2.308	6.11856	40.078
2020/11/18	35.78068	2.292	8.4432	19.171	1.46724	36.273	2.72125	55	6.3642	10.134	4.6824	11.458
2020/11/19	15.6464	3.554	8.4432	16.766	7.1106	9.6	15.9348	8.478	7.4249	8.383	5.463	60.347
2020/11/20	7.4956	36.588	8.4432	20.751	7.1106	21.187	6.696	8.346	5.97576	0.77	3.5118	14.901
2020/11/21	7.4956	55.932	8.4432	91.197	7.1106	47.819	4.7682	29	8.8752	2.357	5.463	72.819
2020/11/22	6.4248	76.578	8.4432	67.538	5.685	11.124	7.55684	13	5.97576	2.688	5.463	82.152
2020/11/23	15.092	2.51	8.4432	34.987	3.2634	5.203	21.9384	17.55	6.3642	10.199	3.04356	28.414
2020/11/24	15.092	2.39	8.4432	44.692	1.95632	67.471	5.1715	13.113	6.3642	6.673	3.04356	24.382
2020/11/25	7.06728	26.619	8.4432	38.697	1.71178	94.998	2.72125	18	9.9846	1.815	3.27768	21.953
2020/11/26	7.06728	34.789	8.4432	24.099	1.2227	174.597	18.2112	6.023	6.3642	8.114	6.5556	20.303
2020/11/27	6.4248	37.24	8.4432	23.178	1.2227	115.725	6.2058	19.099	6.3642	7.191	3.98004	14.47
2020/11/28	11.176	6.918	8.4432	30.289	3.1881	22.757	21.9384	21.584	6.3642	10.653	6.5556	55.646
2020/11/29	7.06728	47.216	8.4432	31.494	3.1881	22.125	2.72125	43	7.4697	3.124	6.5556	56.877
2020/11/30	11.176	5.362	8.4432	18.481	10.836	3.276	5.22193	48	6.3642	6.321	6.5556	20.152
2020/12/1	17.6288	2.842	8.4432	25.029	4.5124	9.147	18.2112	11.57	9.4509	2.149	4.6824	13.468
2020/12/2	37.17662	0.637	8.4432	20.197	1.2227	113.984	8.2744	6.079	7.4249	4.558	4.6824	12.236
2020/12/3	7.4956	32.467	8.8816	12.53	2.91642	38.684	8.2744	8.234	13.3128	3.966	7.6482	15.288
2020/12/4	42.13228	1.204	6.6612	63.326	4.2508	11.861	6.55667	13	7.4249	7.508	5.853	11.566
2020/12/5	42.13228	1.959	8.4432	34.801	2.69208	22.428	3.15665	34	13.3128	2.179	6.5556	55.108
2020/12/6	17.6288	6.922	8.4432	64.56	3.00768	4.845	11.16	18.433	7.84918	14.136	8.7408	39.488
2020/12/7	10.708	24.607	5.551	14.759	19.89306	1.465	18.2112	17.505	8.4856	8.333	8.7408	11.439
2020/12/8	15.6464	2.102	8.4432	40.159	2.69208	30.368	18.2112	20.565	10.501	2.015	8.7408	16.642
2020/12/9	10.708	23.706	8.4432	36.39	3.00768	5.815	110.80794	0.692	10.501	1.092	8.7408	10.841
2020/12/10	15.6464	2.711	8.4432	43.065	4.2508	5.729	18.2112	22.108	8.4856	9.162	7.0236	12.895
2020/12/11	10.708	28.849	6.3324	43.653	1.2227	118.274	10.505	3.058	8.4856	11.417	7.0236	12.343
2020/12/12	17.6288	4.317	8.4432	57.082	15.0626	1.66	18.0448	6.922	8.4856	8.008	6.5556	44.861
2020/12/13	17.248	3.613	8.4432	51.712	19.89306	1.087	22.53636	33.804	12.6012	1.761	8.7408	44.4
2020/12/14	17.248	3.647	8.4432	51.695	2.91642	16.436	22.53636	19.4	8.4856	9.851	8.7408	14.111
2020/12/15	10.708	28.531	8.8816	11.68	1.2227	102.046	22.53636	22.973	8.4856	5.778	8.7408	11.404
2020/12/16	12.8496	21.563	8.8816	11.064	1.2227	74.393	10.044	10.547	8.4856	7.759	7.0236	9.183
2020/12/17	12.8496	23.808	8.4432	34.981	1.2227	87.351	20.4876	25.43	8.4856	7.518	8.7408	11.228
2020/12/18	12.8496	25.631	8.4432	38.543	5.3135	4.316	18.2112	26.287	8.4856	15.802	7.0236	12.593
2020/12/19	63.30428	2.597	8.8816	8.384	7.1106	7.659	18.0448	4.205	8.4856	12.82	8.7408	35.406
2020/12/20	63.30428	2.678	9.4986	45.703	5.7215	7.01	18.2112	36.251	8.4856	10.126	7.0236	34.938
2020/12/21	12.8496	19.777	9.4986	36.636	1.2227	58.98	20.3004	2.987	8.4856	10.102	8.7408	21.605
2020/12/22	12.8496	26.333	9.4986	30.202	1.2227	71.121	18.2112	18.589	8.4856	9.312	8.7408	17.612
2020/12/23	12.8496	26.306	6.6612	10.321	9.22	6.753	10.505	2.284	7.3507	1.289	8.7408	31.771
2020/12/24	13.9204	25.328	9.4986	47.073	5.7215	8.294	19.3494	14.253	8.4856	7.681	8.7408	13.75
2020/12/25	14.9912	34.354	9.4986	32.717	13.3656	6.678	10.343	9.944	8.4856	9.222	8.1942	16.366
2020/12/26	63.30428	3.54	6.6612	29.216	1.2227	170.622	10.343	14.586	8.4856	10.792	8.1942	29.127
2020/12/27	17.1328	32.845	9.4986	48.028	5.7215	10.263	15.9348	41.518	9.5463	9.466	7.0236	26.708
2020/12/28	18.2036	30.812	11.06919	10	5.6405	22.429	20.4876	17.289	8.4856	10.94	10.926	13.36
2020/12/29	18.2036	17.901	6.6612	9.048	1.2227	144.505	20.4876	15.989	8.4856	10.444	10.926	17.855
2020/12/30	18.2036	19.949	8.4432	38.003	1.71178	77.827	22.33044	3.359	9.5463	12.995	10.926	16.43
2020/12/31	28.42644	3.59	7.3878	51.652	9.4808	7.483	6.55667	11	9.5463	18.877	10.926	11.987
2021/1/1	27.53376	2.926	7.3878	66.895	6.7686	22.291	20.4876	30.684	9.5463	14.953	10.926	27.724
2021/1/2	17.1328	42.691	7.3878	60.253	2.91642	19.539	20.4876	24.013	9.5463	15.358	9.3648	21.607
2021/1/3	26.22284	6.686	6.6612	19.452	19.89306	2.087	17.4384	0.645	8.4008	1.391	10.926	31.641
2021/1/4	14.9912	42.232	11.06919	25	6.8658	12.042	20.4876	17.813	9.5463	8.965	10.926	13.05
2021/1/5	17.1328	27.291	7.7714	27.752	6.7686	16.99	6.696	10.032	9.5463	13.474	9.3648	26.706
2021/1/6	17.1328	32.436	9.4986	26.38	11.525	11.175	10.505	4.13	10.607	11.885	10.926	28.363
2021/1/7	73.89028	1.384	9.4986	37.841	3.3192	12.384	22.33044	3.631	10.607	11.294	9.3648	22.322
2021/1/8	17.1328	20.683	9.4986	20.534	1.95632	113.548	10.343	9.244	10.607	10.946	12.0186	9.911
2021/1/9	17.1328	53.226	9.4986	39.814	11.138	25.511	15.0682	2.462	10.607	17.319	13.1112	27.024
2021/1/10	22.96404	2.773	8.4432	39.867	11.525	20.141	20.4876	39.233	10.607	21.238	13.1112	36.409
2021/1/11	17.1328	29.281	8.4432	28.683	11.138	16.065	10.044	11.005	10.607	14.059	14.2038	10.772
2021/1/12	18.2036	22.811	11.06919	13	4.26246	5.479	6.43926	1	10.607	6.304	14.0472	9.124
2021/1/13	73.89028	1.376	11.06919	9	9.1544	7.995	15.9348	23.714	0	0	15.2178	7.845
2021/1/14	18.2036	26.415	9.4986	23.585	5.15982	4.565	15.9348	27.805	10.501	3.387	8.7408	23.224
2021/1/15	17.1328	28.645	9.4986	30.471	6.04632	6	15.9348	32.044	9.5463	12.686	8.7408	14.912
2021/1/16	17.1328	54.352	9.4986	41.605	2.4454	122.787	6.55667	15	9.5463	18.888	13.1112	25.33
2021/1/17	21.20184	45.99	11.06919	30	9.096	4.086	8.2744	13.29	9.5463	21.808	16.3884	24.231
2021/1/18	21.20184	25.07	11.06919	14	3.17902	68.993	10.044	3.795	10.607	9.09	16.3884	19.967
2021/1/19	21.20184	29.417	10.554	23.031	2.4454	129.71	8.2744	8.199	11.5511	1.185	16.3884	11.703
2021/1/20	21.20184	32.41	10.554	27.318	11.281	7.739	8.2744	10.795	10.607	16.125	15.0636	0.843
2021/1/21	23.34344	32.762	8.8816	7.972	2.4454	102.839	8.2744	7.195	10.607	16.736	16.3884	14.053
2021/1/22	23.34344	29.877	8.8816	9.486	2.4454	94.451	24.1544	19.915	9.5463	11.45	16.3884	15.007
2021/1/23	23.34344	64.732	10.554	35.446	6.7686	13.029	8.2744	11.033	11.5511	3.16	13.1112	33.826
2021/1/24	73.89028	2.439	8.8816	8.999	11.37	6.105	24.1544	29.017	9.5463	21.138	13.1112	27.291
2021/1/25	19.2744	43.957	10.554	42.278	13.83	8.83	8.928	11.38	9.5463	17.027	14.0472	19.147
2021/1/26	19.2744	36.7	8.8816	11.68	5.569	50.64	15.9348	36.048	9.5463	13.532	12.67416	14.251
2021/1/27	14.9912	82.425	10.554	34.14	9.2544	6.865	8.928	10.479	9.5463	9.733	11.706	33.007
2021/1/28	17.1328	46.627	10.554	42.278	18.1792	1.539	8.928	10.627	12.6012	3.621	14.0472	24.685
2021/1/29	17.1328	44.997	10.554	28.599	15.9068	2.747	24.1544	20.616	10.607	13.068	10.926	33.88
2021/1/30	27.8124	2.524	10.554	29.941	11.443	6.495	22.33044	3.285	10.607	14.604	11.706	14.383
2021/1/31	27.8124	3.643	10.554	28.81	13.83	16.788	24.1544	28.34	10.607	18.073	11.706	20.687
2021/2/1	14.9912	54.694	9.4986	26.781	6.96864	8	24.1544	18.91	12.7284	8.039	10.926	13.63
2021/2/2	14.9912	66.838	9.4986	32.206	6.96864	8	24.1544	18.576	17.104	6.871	10.926	21.184
2021/2/3	14.9912	58.366	9.4986	24.454	9.0248	16.934	6.696	9.3	12.7284	9.834	8.7408	63.618
2021/2/4	25.942	0.815	9.4986	33.076	13.83	13.832	24.1544	29.841	11.6677	18.214	8.7408	48.979
2021/2/5	26.22284	10.358	9.4986	35.416	11.217	4.72	8.41903	9	11.6677	10.487	8.7408	41.029
2021/2/6	11.7788	144.05	9.4986	39.892	2.4454	97.431	5.44537	9	17.104	8.055	10.5354	27.775
2021/2/7	12.8496	104.788	8.8816	11.842	2.4454	95.764	24.1544	37.856	11.6677	21.568	9.8334	33.692
2021/2/8	69.65588	11.002	10.554	72.632	9.2488	9.425	6.696	21.356	12.7284	30.967	7.0236	65.089
2021/2/9	69.65588	15.943	11.102	17.606	3.6681	57.217	21.9384	98.563	12.7284	83.613	8.1942	81.299
2021/2/10	26.22284	30.512	16.8864	147.342	6.3762	43.262	35.86404	7.33	12.7284	109.43	9.3648	81.146
2021/2/13	33.30448	23.698	14.42349	50	9.2488	15.654	8.2744	28.633	12.7284	28.967	9.3648	22.759
2021/2/14	16.912	50.27	16.8864	52.733	9.096	8.546	21.9384	21.042	12.7284	25.06	9.3648	5.981
2021/2/15	35.53968	31.143	14.7756	52.821	9.096	16.229	24.1544	32.607	12.7284	39.655	9.8334	19.976
2021/2/16	35.53968	23.259	14.7756	67.819	11.851	6.627	6.696	14.185	12.7284	31.647	9.8334	31.462
2021/2/17	35.53968	18.632	12.6648	53.632	7.55238	11.326	8.2744	16.989	12.7284	30.358	9.8334	21.962
2021/2/18	8.0332	62.014	12.6648	62.327	3.3651	9.937	4.33407	24	12.7284	18.17	7.6482	30.75
2021/2/19	5.285	78.806	12.6648	62.583	2.91642	20.195	24.1544	15.572	10.607	11.405	5.853	22.575
2021/2/20	6.342	84.219	11.102	5.822	2.91642	12.326	5.00085	20	10.607	15.966	5.853	10.304
2021/2/21	7.399	54.828	12.6648	26.828	2.2276	17.024	4.33407	20	9.5463	25.173	8.7408	23.559
2021/2/22	37.77488	5.726	10.554	29.742	9.22	15.893	5.00085	15	21.1662	1.193	4.6824	13.166
2021/2/23	6.342	61.144	11.102	2.675	2.4454	22.173	4.464	3.569	9.5463	12.581	8.7408	13.952
2021/2/24	6.342	33.346	10.554	37.166	9.22	22.367	4.464	3.769	9.5463	12.151	6.5556	21.386
2021/2/25	5.509	22.129	10.554	37.611	6.7686	27.714	4.33407	35	8.4856	25.743	6.5556	26.306
2021/2/26	6.6108	44.189	10.554	33.812	9.4808	9.013	24.1544	20.508	8.4856	15.152	8.7408	35.142
2021/2/27	6.342	78.375	10.554	31.688	6.7686	50.507	5.58	9.518	8.4856	15.378	9.8334	42.927
2021/2/28	6.6108	57.701	10.554	29.552	6.9366	5.203	5.58	8.374	8.4856	16.493	7.0236	22.994
2021/3/1	5.9192	37.047	11.06919	5	6.9366	4.147	18.2112	17.563	8.4856	18.348	7.0236	13.88
2021/3/2	31.06928	5.466	10.554	21.406	6.8658	20.254	18.2112	16.808	8.4856	13.285	9.8334	28.836
2021/3/3	5.285	22.575	10.554	7.757	6.915	36.257	18.2112	10.535	8.4856	10.367	10.48896	12.581
2021/3/4	4.228	72.44	11.06919	10	7.6704	2.976	6.696	8.764	8.4856	14.565	8.1942	9.513
2021/3/5	4.228	63.547	10.554	18.138	3.69852	11.866	10.505	4.86	8.4856	20.454	10.48896	19.505
2021/3/6	4.8622	97.965	10.554	26.735	18.9632	7.347	15.9348	33.633	8.4856	33.851	8.1942	34.67
2021/3/7	21.77802	1.823	10.554	26.889	9.096	5.025	4.33407	20	9.5463	22.096	10.48896	34.448
2021/3/8	6.6108	22.542	10.554	23.921	20.4516	3.811	6.696	10.553	9.5463	17.239	7.0236	31.896
2021/3/9	5.285	34.903	8.4432	32.608	6.915	22.308	2.2226	88	9.5463	16.002	9.8334	12.398
2021/3/10	5.285	30.263	8.4432	24.891	11.37	3.709	18.2112	13.865	8.4856	14.012	9.8334	10.802
2021/3/11	5.285	27.87	14.42349	5	6.7686	20.822	10.505	3.489	9.5463	12.295	9.3648	18.898
2021/3/12	4.228	72.119	14.42349	2	14.0658	4.592	24.1544	12.899	9.5463	19.835	9.8334	17.348
2021/3/13	22.12848	9.418	10.554	31.086	6.04632	12	18.2112	18.924	9.5463	22.085	10.926	18.476
2021/3/14	4.228	89.007	10.554	21.295	6.7686	22.041	8.41903	10	9.5463	14.122	10.926	23.658
2021/3/15	22.12848	1.98	10.554	17.597	9.2488	4.286	6.2058	5.333	8.4856	12.079	10.926	16.439
2021/3/16	4.228	56.788	10.554	15.772	4.3512	9.624	6.696	3.345	8.4856	11.655	10.926	10.865
2021/3/17	4.228	50.584	10.554	14.53	6.31736	13.372	6.2058	7.444	8.4856	17.232	10.926	20.628
2021/3/18	4.8622	50.86	10.554	15.852	4.3512	8.946	20.4876	10.341	8.4856	10.767	10.926	12.03
2021/3/19	4.8622	41.273	10.554	23.292	7.1112	9.668	20.4876	20.484	8.4856	14.775	7.0236	28.332
2021/3/20	4.8622	81.981	10.554	25.584	3.99672	10	6.2058	9.551	8.4856	14.713	7.0236	13.563
2021/3/21	4.8622	83.79	10.554	29.423	6.31736	32.805	6.2058	9.517	8.4856	14.586	10.926	16.303
2021/3/22	4.228	51.26	10.554	6.352	14.0658	3.843	4.33407	6	8.4856	9.626	10.926	13.896
2021/3/23	7.7126	11.333	10.554	10.069	4.8908	33.292	6.2058	4.498	8.4856	16.342	9.3648	13.86
2021/3/24	5.9192	28.033	10.554	10.682	6.915	16.338	5.44537	1	8.4856	12.718	9.3648	16.664
2021/3/25	12.936	2.289	10.554	11.403	6.915	24.35	4.33407	6	8.4856	9.45	10.926	10.587
2021/3/26	6.342	42.361	10.554	26.647	5.439	15.198	22.33044	3.083	8.4856	17.447	12.0186	20.66
2021/3/27	12.936	4.519	10.554	23.569	11.852	15.81	20.4876	15.061	10.501	1.624	10.926	26.456
2021/3/28	6.342	53.165	10.554	24.58	17.3472	5.157	18.2112	10.408	8.4856	16.33	9.3648	22.995
2021/3/29	6.342	44.902	10.554	8.999	8.2957	8.068	18.2112	10.886	8.4856	12.771	9.3648	35.063
2021/3/30	6.342	37.043	10.554	8.619	6.915	20.653	6.696	2.492	8.4856	17.599	12.0186	17.846
2021/3/31	6.342	43.48	10.554	6.494	6.7686	16.792	18.2112	9.11	8.4856	14.665	12.0186	14.42
2021/4/1	6.342	36.656	14.42349	7	5.926	11.063	18.2112	11.47	13.3128	4.859	9.3648	20.318
2021/4/2	6.342	51.559	14.42349	19	5.926	12.386	18.2112	16.922	8.4856	16.734	10.926	19.319
2021/4/3	6.342	62.915	8.4432	24.128	15.1788	4.973	5.44537	4	12.2034	4.844	7.0236	29.954
2021/4/4	6.342	66.277	8.4432	20.461	6.8658	15.751	5.1715	14.685	8.4856	15.766	10.926	34.189
2021/4/5	4.228	85.561	8.4432	21.845	22.42944	0.409	15.0682	1.209	8.4856	11.856	10.926	50.109
2021/4/6	4.228	26.808	10.554	3.457	6.8658	2.641	20.4876	4.222	8.4856	2.407	7.0236	6.974
2021/4/7	6.342	39.233	15.51	1.319	15.0626	6.272	13.1868	4.258	13.3128	3.155	10.926	15.592
2021/4/8	6.17008	12.151	10.554	7.355	8.2957	8.642	20.4876	8.431	6.3642	19.405	10.926	14.066
2021/4/9	5.9192	26.78	18.095	0.866	17.3472	4.652	8.404	1.542	10.607	12.007	8.7408	35.317
2021/4/10	27.31188	2.051	18.095	1.338	12.0564	5.544	11.16	6.514	13.3128	6.021	8.1942	21.748
2021/4/11	6.342	66.878	11.6094	15.993	6.04632	14	8.404	4.173	13.3128	3.147	7.0236	25.739
2021/4/12	6.342	15.82	10.554	3.056	6.9366	4.565	20.4876	4.951	11.094	2.685	4.6824	15.653
2021/4/13	6.342	32.195	10.554	4.519	6.9366	9.065	12.9156	1.336	11.094	1.715	4.6824	12.389
2021/4/14	6.342	28.417	10.554	11.253	7.959	4.069	20.4876	6.654	8.4856	12.971	4.21416	12.125
2021/4/15	6.342	26.874	14.42349	5	26.28948	2.529	5.1715	6.325	8.4008	1.09	9.8334	13.81
2021/4/16	5.9192	29.198	10.554	10.531	6.9366	9.844	20.4876	8.185	9.4509	2.139	4.21416	26.711
2021/4/17	5.9192	48.989	10.554	14.89	6.8658	21.943	18.2112	17.188	8.4856	11.493	3.74592	42.018
2021/4/18	8.8144	19.012	10.554	11.093	4.214	8.064	18.2112	11.905	9.4509	1.648	3.5118	24.972
2021/4/19	6.342	42.657	10.554	6.655	10.047	6.944	5.1715	9.484	8.4856	10.277	3.04356	15.078
2021/4/20	19.0548	1.38	10.554	10.332	17.3472	5.67	6.303	2.576	7.4249	5.229	8.7408	16.655
2021/4/21	8.8144	7.996	15.51	1.002	4.02968	16.568	18.2112	6.741	6.3642	17.128	8.7408	19.398
2021/4/22	19.0548	1.614	10.554	10.311	2.3136	12.077	6.303	2.425	7.04286	4.149	3.04356	22.519
2021/4/23	6.342	26.595	10.554	9.17	4.02968	11.747	6.303	3.68	8.8752	5.628	3.04356	19.458
2021/4/24	8.8144	29.035	10.554	15.544	8.0675	21.953	20.4876	18.148	6.3642	20.487	3.04356	34.922
2021/4/25	6.342	35.924	10.554	10.923	7.8967	10.963	20.4876	6.926	9.9846	7.864	4.15188	65.618
2021/4/26	15.3986	1.674	10.554	9.751	5.681	21.104	20.4876	6.525	7.4249	6.547	4.3704	28.466
2021/4/27	6.342	33.231	10.554	8.81	6.915	12.627	20.4876	6.564	7.4249	24.045	4.3704	19.977
2021/4/28	6.342	30.578	10.554	5.982	7.1106	4.6	20.4876	8.253	11.094	8.969	6.11856	14.877
2021/4/29	6.342	36.559	15.51	2.254	6.9366	8.78	20.4876	6.146	6.3642	7.056	3.04356	17.637
2021/4/30	6.342	28.011	10.554	12.828	2.2398	19.906	8.404	2.707	11.094	7.725	3.04356	16.783
2021/5/1	15.092	5.48	10.554	16.864	13.0104	5.852	20.4876	14.534	11.094	5.042	6.5556	35.273
2021/5/2	7.399	48.895	10.554	15.502	7.9534	19.446	22.33044	3.697	6.3642	14.016	6.5556	25.303
2021/5/3	8.456	53.554	10.554	17.666	7.1112	8.262	3.22277	6	8.4856	13.046	6.5556	26.405
2021/5/4	8.456	22.129	10.554	7.656	7.1106	7.894	5.1715	6.87	11.094	4.461	6.5556	19.199
2021/5/5	8.456	37.902	15.51	2.765	5.926	23.987	22.33044	3.394	8.4856	8.771	6.5556	18.227
2021/5/6	6.342	52.619	15.51	1.203	2.2398	8.438	8.404	3.234	6.3006	4.816	6.5556	20.42
2021/5/7	6.342	53.632	10.554	4.399	5.926	13.977	5.1715	6.127	6.3006	5.77	5.853	11.329
2021/5/8	6.342	42.365	10.554	8.86	2.0878	6.771	18.2112	8.228	8.4856	17.271	5.853	13.456
2021/5/9	20.96028	3.405	10.554	11.465	17.2144	6.1	20.4876	11.757	7.4249	16.763	6.5556	22.037
2021/5/10	4.228	41.488	10.554	3.507	2.3136	8.033	20.4876	8.621	6.3006	5.804	6.5556	15.603
2021/5/11	20.96028	0.814	22.42531	3	2.3136	13.59	22.33044	3.453	5.3035	14.778	6.5556	15.537
2021/5/12	20.96028	3.403	22.42531	1	2.0878	19.955	5.22193	4	11.094	2.104	5.853	6.809
2021/5/13	11.176	2.042	12.925	5.264	4.7408	14.548	8.404	3.784	5.3035	10.12	5.853	6.084
2021/5/14	3.8052	26.736	10.554	8.277	2.0878	7.376	6.2058	7.009	4.83046	5.982	5.853	20.444
2021/5/15	8.8144	31.904	12.925	2.246	8.6736	12.195	20.4876	13.864	5.3035	17.349	7.6482	23.772
2021/5/16	8.8144	34.519	12.925	1.323	2.71414	6.125	6.2058	7.528	4.83046	1.179	8.7408	31.318
2021/5/17	3.8052	61.15	12.925	1.233	2.71414	27.251	6.2058	7.458	5.3035	16.001	8.7408	12.345
2021/5/18	12.936	2.954	12.925	2.817	8.2957	4.285	20.4876	7.475	5.3035	14.116	5.853	9.579
2021/5/19	3.3824	50.797	12.925	5.817	4.02968	10.71	13.1868	2.063	4.83046	5.305	5.853	10.747
2021/5/20	4.228	40.383	10.554	2.507	5.7215	5.663	20.4876	7.64	5.3035	14.238	5.853	9.018
2021/5/21	12.936	4.377	12.925	1.162	1.71178	14.131	20.4876	13.343	6.3642	15.636	7.0236	11.154
2021/5/22	3.5938	67.247	12.925	1.414	2.91174	7.636	22.33044	3.081	7.4249	13.584	8.7408	27.996
2021/5/23	3.5938	103.061	12.925	5.033	6.8172	18.964	20.4876	12.906	11.094	8.478	8.89656	18.536
2021/5/24	7.7126	10.76	10.554	3.057	5.3805	3.573	20.4876	8.031	7.4249	15.618	8.1942	24.63
2021/5/25	20.96028	2.178	10.554	3.979	8.6736	8.147	20.4876	7.118	11.094	3.608	8.7408	17.861
2021/5/26	3.8052	37.237	12.925	1.834	4.02968	17.898	13.1868	1.369	11.094	0.972	8.7408	21.801
2021/5/27	3.8052	4.303	12.925	1.895	4.02968	15.858	6.2058	5.437	6.3642	12.273	8.1942	16.202
2021/5/28	12.936	3.364	12.925	2.677	5.3805	2.89	2.72125	1	6.3642	11.708	8.7408	28.335
2021/5/29	3.3824	78.189	10.554	6.422	4.7408	15.854	9.4545	5.569	6.3642	13.598	6.5556	39.801
2021/5/30	20.96028	1.866	12.925	1.894	4.7408	16.709	20.4876	11.177	4.2004	2.436	5.853	13.454
2021/5/31	4.4072	14.699	12.925	3.43	2.4454	23.387	22.33044	3.779	4.2004	11.844	7.6482	26.674
2021/6/1	10.673	0.64	12.925	4.009	6.8658	4.249	4.79565	3	4.2004	16.32	8.7408	26.07
2021/6/2	2.114	72.251	12.925	6.436	4.5448	33.647	5.1715	7.171	6.4026	4.08	7.0236	25.405
2021/6/3	11.176	3.556	12.925	6.378	3.86308	23.671	20.4876	9.961	6.3642	5.535	8.7408	22.216
2021/6/4	6.17008	17.19	12.6648	8.048	2.91174	6.937	5.50858	1	6.3642	8.446	7.0236	11.069
2021/6/5	6.17008	21.457	12.925	8.933	6.6384	4.582	22.33044	7.346	2.73026	4.651	7.0236	18.064
2021/6/6	11.176	3.767	12.925	1.473	3.86308	28.699	22.33044	6.576	2.73026	2.132	7.0236	17.426
2021/6/7	2.7482	37.447	12.925	5.372	5.6405	14.016	20.4876	7.639	2.73026	16.201	7.0236	8.781
2021/6/8	2.7482	30.431	12.925	5.285	3.86308	21.45	22.33044	4.257	9.9846	1.381	7.0236	13.446
2021/6/9	6.6108	15.756	10.34	3.746	6.915	18.78	5.1715	4.379	6.3642	9.548	9.8334	15.913
2021/6/10	6.6108	18.898	10.34	6.303	3.63584	20.319	4.79565	6	2.73026	9.226	8.1942	10.517
2021/6/11	10.78	3.087	10.34	3.261	9.22	24.94	5.1715	4.019	2.1002	12.832	10.926	9.66
2021/6/12	6.6108	27.827	10.34	5.689	9.22	35.363	18.2112	32.429	2.1002	7.528	8.7408	36.725
2021/6/13	2.9596	44.308	10.34	4.613	3.63584	41.035	18.2112	46.743	2.1002	15.055	7.0236	10.888
2021/6/14	6.6108	17.273	49.3719	1.887	9.22	27.023	1.55582	4	6.3642	15.434	8.7408	54.423
2021/6/15	6.6108	19.533	10.34	4.386	4.3368	20.003	6.696	1.372	2.1002	5.002	10.926	26.961
2021/6/16	2.9596	26.134	10.34	3.909	4.3368	16.203	20.4876	6.748	2.1002	7.527	10.926	8.256
2021/6/17	7.7126	11.182	10.34	6.114	4.3368	14.551	20.4876	9.607	6.3642	19.633	10.926	37.907
2021/6/18	2.9596	22.607	10.34	3.284	3.93312	5.77	20.4876	9.642	2.1002	4.092	10.926	17.662
2021/6/19	15.3986	1.712	10.34	4.612	4.3368	22.159	15.2586	1.366	2.1002	9.347	10.926	26.944
2021/6/20	3.171	47.558	49.3719	2.428	2.95412	26.783	13.1868	1.419	6.3642	45.989	8.1942	20.389
2021/6/21	3.171	31.343	10.34	5.176	9.22	27.224	20.4876	9.138	2.1002	7.73	9.3648	24.302
2021/6/22	5.509	12.348	10.34	8.698	8.0927	9.598	2.2226	6	6.3642	21.121	9.3648	12.97
2021/6/23	5.509	6.387	10.34	7.898	3.5556	9.965	3.22277	4	2.1002	10.811	9.3648	32.67
2021/6/24	11.176	2.294	49.3719	1.028	4.3368	14.22	5.1715	6.022	2.73026	7.518	10.926	17.365
2021/6/25	6.4038	2.14	10.34	7.471	3.93312	5.089	20.4876	9.943	6.4026	0.435	9.3648	21.467
2021/6/26	3.5938	43.285	10.34	10.501	3.93312	7.16	18.2112	15.975	2.73026	13.178	10.926	52.509
2021/6/27	6.4038	2.91	24.5619	3.537	13.0361	7.588	18.2112	22.564	7.4249	25.737	10.926	35.765
2021/6/28	3.5938	24.703	10.34	5.176	4.7408	8.217	18.2112	9.801	7.4249	13.068	9.3648	14.714
2021/6/29	3.5938	17.987	10.34	6.694	3.93312	5.593	18.2112	6.717	2.1002	7.328	10.926	22.756
2021/6/30	7.546	3.713	10.34	3.497	9.22	27.733	13.1868	1.228	2.1002	10.003	9.3648	10.613
2021/7/1	3.8052	28.081	32.0049	1.058	4.5448	15.129	20.4876	8.782	7.4249	11.809	10.926	20.769
2021/7/2	7.546	3.34	10.34	6.043	8.0101	6.564	20.4876	8.162	6.4026	2.676	8.1942	6.016
2021/7/3	8.8144	20.293	16.8864	7.869	6.9366	4.8	20.4876	25.644	2.1002	14.854	10.926	34.266
2021/7/4	6.4032	1.606	10.34	5.026	7.07112	7	20.4876	13.892	2.1002	10.307	7.0236	14.784
2021/7/5	4.228	17.064	10.34	4.374	6.7686	17.058	4.79565	5	2.1002	9.952	7.0236	32.497
2021/7/6	4.228	15.028	10.34	5.427	4.3044	6.76	22.53636	11.983	6.3642	24.751	7.0236	13.744
2021/7/7	4.228	14.549	16.8864	4.587	11.851	3.93	33.60844	3.345	4.276	9.573	10.926	26.155
2021/7/8	4.228	19.599	10.34	2.481	6.822	9.365	6.2058	7.357	6.3642	10.786	10.926	27.963
2021/7/9	15.3986	0.852	10.34	1.291	8.0101	6.606	15.2586	1.439	4.276	10.276	10.926	16.805
2021/7/10	11.176	2.915	10.34	4.612	16.1014	4.055	22.53636	7.841	4.276	18.746	8.1942	21.477
2021/7/11	5.285	18.538	16.8864	7.69	8.0101	8.969	22.53636	5.948	4.276	23.821	8.1942	46.206
2021/7/12	6.342	28.381	21.70278	2.374	8.0101	1.906	3.22277	4	4.276	3.468	8.7408	22.989
2021/7/13	8.9408	3.572	21.70278	1.061	6.9366	14.736	33.60844	1.991	6.3642	19.233	8.7408	35.768
2021/7/14	6.342	19.414	10.34	2.671	6.915	40.014	8.404	5.415	6.3642	7.158	8.7408	18.288
2021/7/15	16.9376	2.028	16.8864	3.191	6.822	7.86	3.85105	2	5.345	8.715	8.7408	16.427
2021/7/16	11.176	2.487	14.7756	7.924	4.5448	29.1	8.404	3.975	6.3642	31.006	8.7408	24.502
2021/7/17	6.342	37.842	14.7756	13.548	9.22	54.115	22.53636	12.101	4.2004	3.97	8.1942	41.906
2021/7/18	14.8204	4.087	16.8864	14.795	3.2283	16.849	15.3846	1.36	5.345	9.738	8.1942	27.638
2021/7/19	6.342	22.758	10.34	2.732	3.79264	4.624	22.53636	10.549	4.2004	3.316	8.1942	9.141
2021/7/20	11.176	2.293	10.34	1.968	6.9408	4.515	22.53636	8.112	4.2004	2.865	8.7408	38.166
2021/7/21	10.673	1.362	10.34	1.328	11.851	7.282	8.404	2.769	6.4026	1.338	8.7408	41.321
2021/7/22	6.342	41.893	14.7756	14.568	5.6405	9.316	8.404	3.897	7.483	5.603	8.7408	26.591
2021/7/23	6.342	23.846	12.6648	11.554	9.22	43.756	22.53636	8.748	10.607	11.135	9.8334	19.468
2021/7/24	6.342	53.437	10.34	3.522	6.9366	15.036	3.15665	2	6.414	15.818	8.1942	20.861
2021/7/25	6.1306	41.309	12.6648	21.671	21.08764	6.992	8.404	6.421	6.414	4.295	10.926	45.1
2021/7/26	6.1306	31.341	10.34	1.67	6.7686	13.31	15.2586	2.329	8.5368	0.389	10.926	10.898
2021/7/27	6.1306	31.935	12.45372	26.208	3.4086	20.674	26.86152	8.817	7.483	7.415	7.0236	16.076
2021/7/28	6.1306	40.612	12.45372	26.498	8.759	48.187	26.86152	8.15	7.483	1.38	10.926	42.486
2021/7/29	8.5384	0.264	10.34	2.639	8.759	54.444	26.86152	6.5	8.4008	3.405	10.926	20.37
2021/7/30	12.7032	2.351	12.45372	16.534	18.9616	9.7	6.2058	1.611	4.276	16.795	9.3648	11.76
2021/7/31	8.456	32.234	12.6648	15.472	6.5658	23.776	33.38288	1.632	10.607	13.355	10.926	37.355
2021/8/1	7.399	50.329	34.2378	2.653	4.3368	15.51	29.36556	10.571	3.8484	6.209	9.8334	66.798
2021/8/2	7.399	50.687	10.554	20.946	4.7408	7.173	6.2058	6.593	6.414	13.343	9.8334	24.162
2021/8/3	10.586	4.042	10.554	23.8	6.5658	28.592	29.36556	15.325	8.4856	35.605	9.8334	20.34
2021/8/4	7.399	59.703	12.925	1.497	9.22	53.85	8.404	6.959	6.414	15.721	9.8334	13.865
2021/8/5	7.399	38.821	12.6648	13.541	3.2283	2.668	15.2586	2.394	8.4856	9.02	10.5354	4.61
2021/8/6	15.3986	1.189	12.6648	18.553	6.9408	8.446	29.36556	12.529	6.414	11.329	10.926	26.727
2021/8/7	6.6108	4.262	12.925	2.54	8.8512	6.923	8.404	8.443	12.8052	1.622	10.926	40.416
2021/8/8	6.342	33.754	10.554	21.095	27.25056	4.806	15.2586	2.187	5.345	9.434	10.926	50.406
2021/8/9	6.6108	6.796	10.554	17.391	7.8967	40.591	26.86152	12.084	8.4008	4.774	10.926	56.607
2021/8/10	5.285	42.506	15.51	3.269	10.3725	31.937	33.38288	1.903	5.345	7.298	10.926	9.983
2021/8/11	5.285	35.612	10.554	18.739	7.8967	37.624	26.86152	10.765	12.7284	13.303	10.926	1.054
2021/8/12	6.342	58.938	8.4432	26.478	6.12808	50.81	26.86152	14.868	5.345	19.7	11.706	9.858
2021/8/13	6.342	53.085	8.4432	37.722	4.7408	12.552	26.86152	10.073	9.4509	12.386	10.926	3.504
2021/8/14	12.7032	5.195	8.4432	27.112	9.096	12.124	26.86152	29.351	4.276	16.19	10.926	16.528
2021/8/15	12.7032	5.688	12.925	3.453	7.8967	35.107	8.2744	11.067	4.276	16.543	10.926	8.103
2021/8/16	7.399	27.723	8.4432	48.033	4.5448	10.229	8.2744	2.876	5.345	11.898	10.926	6.045
2021/8/17	7.399	37.682	8.4432	52.568	7.8967	33.898	3.22277	10	5.345	11.676	10.926	9.498
2021/8/18	13.4112	2.861	8.4432	50.778	6.9408	9.431	15.2586	4.185	8.4856	11.116	9.3648	1.567
2021/8/19	6.342	33.514	8.4432	26.026	18.9616	6.975	26.86152	8.826	6.414	12.401	10.926	8.906
2021/8/20	6.342	31.483	15.51	3.252	7.6601	23.636	10.505	6.177	10.607	16.651	9.3648	42.565
2021/8/21	10.586	4.828	15.51	4.408	9.1544	10.579	26.86152	34.37	8.4856	4.748	9.3648	28.566
2021/8/22	13.9596	2.525	10.554	46.269	10.3725	39.065	26.86152	30.446	6.414	9.515	10.926	1.546
2021/8/23	8.8144	1.407	15.51	1.296	4.3368	7.804	26.86152	9.215	8.4008	4.222	10.926	4.509
2021/8/24	4.228	35.236	15.51	3.562	7.1112	7.115	29.09724	2.269	7.483	5.991	10.926	9.207
2021/8/25	6.7056	3.072	8.4432	33.156	9.1544	14.007	26.86152	7.959	6.3642	14.685	10.926	1.486
2021/8/26	4.228	36.27	8.4432	60.592	8.0976	6.222	3.22277	6	7.4249	18.435	10.926	4.789
2021/8/27	4.228	44.934	8.4432	54.271	9.22	30.729	10.505	9.448	6.3642	21.884	9.3648	16.726
2021/8/28	4.228	41.349	15.51	4.098	9.1544	15.415	24.58512	12.308	6.3642	17.454	9.3648	19.348
2021/8/29	4.228	57.434	8.4432	52.591	9.22	35.831	24.58512	14.71	9.621	17.995	9.3648	42.596
2021/8/30	4.228	41.602	8.4432	39.724	9.1544	12.296	17.4384	1.129	7.4249	28.11	9.3648	40.697
2021/8/31	7.27188	7.452	8.4432	29.864	10.4112	13.918	8.2744	8.617	7.4249	27.659	9.3648	41.754
2021/9/1	6.342	26.445	6.3324	45.309	16.5914	3.833	24.58512	7.875	10.69	7.509	10.926	8.003
2021/9/2	6.342	24.285	8.4432	44.626	7.6601	14.241	24.58512	8.285	8.4856	9.374	13.1112	27.869
2021/9/3	6.342	21.919	6.3324	52.492	6.915	24.421	17.5824	1.66	8.4856	7.877	13.1112	24.967
2021/9/4	19.7982	1.722	6.3324	65.33	6.915	40.596	10.505	10.413	8.5368	2.337	13.1112	32.878
2021/9/5	13.0716	0.343	6.3324	57.516	5.421	5.788	26.86152	25.725	8.4856	15.744	13.1112	50.366
2021/9/6	10.78	1.317	8.4432	32.852	9.22	36.297	29.09724	3.026	10.501	4.187	10.926	34.751
2021/9/7	7.399	28.579	8.4432	33.657	11.033	7.643	10.505	6.044	8.4856	11.446	13.1112	23.172
2021/9/8	11.018	3.012	8.4432	37.852	11.033	8.125	17.4384	0.79	8.4856	10.841	10.926	15.183
2021/9/9	13.0452	1.681	8.4432	30.618	7.8967	25.809	24.58512	7.022	8.4856	6.847	10.926	13.592
2021/9/10	9.513	17.725	6.3324	34.614	11.033	4.027	26.86152	8.632	8.4856	4.749	10.926	24.651
2021/9/11	9.513	34.222	6.3324	53.462	10.1529	19.021	24.58512	11.874	8.4856	16.671	8.7408	17.337
2021/9/12	12.936	2.1	6.3324	48.443	11.033	7.623	10.505	10.464	8.4856	21.835	8.7408	32.063
2021/9/13	8.456	30.819	6.3324	29.502	6.9408	14.768	24.58512	10.33	7.4249	11.436	13.1112	11.356
2021/9/14	8.456	20.169	15.51	1.054	9.22	16.862	26.86152	10.097	7.4249	12.416	13.1112	10.777
2021/9/15	14.8204	1.39	6.96564	25.03	10.047	4.146	29.09724	1.912	8.552	10.088	13.1112	12.702
2021/9/16	9.513	12.133	6.96564	28.371	11.37	3.786	8.2744	4.234	6.3642	15.102	13.1112	9.283
2021/9/17	11.018	4.81	6.96564	25.992	8.8264	5.452	22.53636	7.663	6.3642	14.626	13.1112	13.163
2021/9/18	9.513	20.327	6.96564	28.292	12.0564	4.198	17.5824	2.037	6.3642	15.996	13.1112	35.325
2021/9/19	9.513	43.134	6.96564	57.488	6.5052	6.242	29.09724	2.837	6.3642	34.684	10.926	51.647
2021/9/20	9.513	48.36	6.96564	64.293	8.7544	28.605	29.09724	2.099	8.4008	5.955	10.926	69.076
2021/9/21	8.456	55.805	6.96564	78.36	5.2675	4.154	10.505	8.313	8.552	14.047	10.926	56.3
2021/9/22	8.456	29.296	11.06919	5	9.22	30.653	22.53636	6.523	6.3642	15.935	10.926	38.956
2021/9/23	8.456	27.009	15.51	1.044	8.7544	15.381	7.24676	3	6.3642	13.881	10.926	27.236
2021/9/24	22.96404	1.853	6.3324	22.144	9.22	26.949	17.5824	1.579	6.3642	7.229	8.7408	8.431
2021/9/25	8.456	52.072	6.3324	42.555	6.9408	10.874	10.505	5.636	6.3642	22.248	8.7408	46.058
2021/9/26	12.7032	3.334	6.3324	46.718	9.22	32.484	3.09256	10	7.4249	13.333	8.7408	2.299
2021/9/27	8.456	19.135	6.3324	42.001	14.2212	6.105	22.53636	5.762	8.4856	7.664	8.7408	4.863
2021/9/28	8.456	20.721	6.3324	33.224	6.9408	8.209	22.53636	6.671	8.4008	1.998	10.926	11.987
2021/9/29	7.7126	5.589	6.96564	35.829	10.627	4.92	3.09256	2	7.483	4.34	10.926	23.336
2021/9/30	17.5984	1.33	6.96564	37.14	8.5016	7.101	22.53636	9.234	8.4856	9.85	10.926	34.511
2021/10/1	10.78	5.472	6.96564	66.835	9.22	46.271	22.53636	32.638	8.4856	16.144	9.8334	56.82
2021/10/2	8.8144	6.206	6.96564	57.212	6.9366	13.895	22.53636	21.088	7.483	9.627	9.8334	40.392
2021/10/3	12.7032	1.58	6.96564	49.978	5.784	9.476	22.53636	18.27	8.4008	5.264	9.8334	41.672
2021/10/4	4.228	42.81	6.96564	37.196	8.8264	5.956	22.53636	16.497	8.552	8.242	10.926	39.913
2021/10/5	6.4032	1.577	8.4432	48.897	8.2964	8.076	22.53636	9.009	9.621	7.614	10.926	51.134
2021/10/6	4.228	53.288	6.96564	49.424	9.22	45.571	20.03232	30.381	8.552	8.077	10.926	41.573
2021/10/7	12.936	2.944	6.96564	50.918	8.8264	9.446	20.03232	22.794	10.607	11.034	13.1112	23.278
2021/10/8	13.4112	3.169	6.96564	36.344	5.6085	7.824	20.03232	25.062	10.69	7.868	15.2964	19.823
2021/10/9	4.228	46.116	6.96564	38.754	9.22	29.237	22.53636	12.34	10.607	9.511	15.2964	22.222
2021/10/10	4.228	78.857	6.96564	57.264	8.6088	7.853	22.53636	25.621	10.69	10.832	15.2964	40.329
2021/10/11	5.336	4.438	6.3324	43.296	14.0658	1.849	24.58512	3.96	10.607	6.055	10.926	4.407
2021/10/12	4.228	39.552	6.3324	29.286	6.3762	8.983	22.53636	10.428	10.607	5.049	13.1112	18.362
2021/10/13	4.228	30.462	6.3324	36.526	6.7302	5.168	3.09256	12	10.69	3.213	13.1112	16.528
2021/10/14	5.285	22.217	6.3324	37.562	21.30282	2.313	22.53636	13.438	10.607	5.834	13.1112	14.852
2021/10/15	6.342	28.463	11.06919	3	9.0248	12.714	22.53636	41.89	12.7284	8.586	15.2964	17.495
2021/10/16	13.2216	7.929	6.3324	49.105	6.6384	68.96	24.58512	22.514	12.6012	2.902	15.2964	36.28
2021/10/17	6.342	50.592	6.3324	53.601	8.9488	4.513	22.53636	33.816	12.7284	10.285	15.2964	26.795
2021/10/18	8.5376	1.998	6.3324	43.402	32.70876	4.293	22.53636	10.066	12.7284	5.669	15.2964	19.808
2021/10/19	6.342	31.366	6.3324	41.287	9.22	23.143	22.53636	12.2	10.607	6.073	15.2964	16.958
2021/10/20	8.456	29.213	6.3324	39.837	10.2987	6.217	22.53636	12.794	12.6012	0.912	15.2964	25.154
2021/10/21	9.513	13.594	6.3324	46.91	8.8264	6.57	22.53636	8.753	19.242	3.302	19.6668	11.947
2021/10/22	8.456	18.106	6.3324	43.969	4.3368	2.931	22.53636	12.039	19.242	1.616	19.6668	16.412
2021/10/23	11.018	5.426	6.3324	58.754	12.5873	4.307	18.2112	30.828	19.242	2.84	21.63348	18.086
2021/10/24	8.456	25.83	6.3324	47.259	9.2544	14.849	5.44537	7	12.7284	3.989	21.63348	9.108
2021/10/25	8.456	18.786	6.3324	33.276	8.8264	2.474	4.15896	18	12.7284	4.181	21.63348	8.749
2021/10/26	10.57	20.516	6.96564	37.059	4.3368	4.066	18.2112	18.637	12.8052	1.113	21.63348	12.041
2021/10/27	15.6464	0.981	6.3324	36.161	8.8264	9.75	18.2112	15.369	12.7284	4.189	21.63348	15.305
2021/10/28	12.1198	3.241	6.96564	37.949	6.6384	29.848	18.2112	16.659	21.1662	0.818	21.63348	6.449
2021/10/29	15.6464	1.575	6.3324	40.045	18.0846	2.507	15.9348	21.926	10.607	8.421	19.6668	13.574
2021/10/30	15.4252	3.308	6.3324	56.756	6.7302	5.053	15.9348	36.731	10.607	7.902	15.2964	17.279
2021/10/31	12.684	22.327	6.3324	55.961	6.6198	4.801	4.15896	27	10.607	2.922	15.2964	28.424
2021/11/1	11.627	16.132	6.3324	44.316	4.3368	0.833	15.9348	19.358	10.607	6.547	13.1112	26.24
2021/11/2	12.684	18.231	6.3324	39.893	6.3762	13.946	15.9348	18.811	10.607	8.816	13.1112	25.844
2021/11/3	12.684	19.697	6.3324	39.941	4.6272	7.805	13.6584	40.332	14.966	2.528	13.1112	27.868
2021/11/4	12.684	15.044	6.3324	39.366	14.2212	4.793	13.6584	48.9	10.607	9.147	13.1112	23.879
2021/11/5	12.684	26.707	6.3324	58.696	11.525	9.447	13.6584	65.608	10.607	5.07	13.1112	36.777
2021/11/6	16.9376	0.803	6.3324	63.573	11.561	5.674	15.9348	75.892	10.607	8.483	10.926	26.725
2021/11/7	15.4252	3.174	6.3324	64.445	8.9104	4.158	4.15896	52	10.607	9.577	13.1112	35.638
2021/11/8	12.684	18.308	6.3324	55.78	11.281	2.972	15.9348	33.032	12.7284	10.193	10.926	28.296
2021/11/9	16.9376	0.163	6.3324	43.289	7.6704	3.273	15.9348	33.49	12.7284	3.419	13.1112	27.373
2021/11/10	12.684	20.674	6.3324	49.502	11.281	2.912	15.9348	24.62	12.7284	2.634	10.926	27.656
2021/11/11	12.684	14.808	7.3878	34.403	6.3762	3.358	4.9	6	12.7284	2.409	15.2964	13.156
2021/11/12	12.684	17.595	7.3878	50.347	4.6272	3.487	18.2112	26.802	14.966	3.941	15.2964	18.935
2021/11/13	20.96028	0.526	7.3878	52.476	6.3762	10.707	18.2112	27.797	10.607	7.782	15.2964	20.049
2021/11/14	10.57	29.229	7.3878	50.753	6.3762	17.437	4.15896	16	14.966	6.612	15.2964	30.582
2021/11/15	10.57	23.385	7.3878	28.879	13.83	5.779	15.9348	15.938	10.607	5.001	15.2964	12.677
2021/11/16	13.4112	2.19	7.3878	19.63	12.5873	1.689	15.9348	16.834	10.607	0.994	15.2964	12.525
2021/11/17	11.627	15.332	7.3878	33.26	11.525	7.677	15.9348	17.773	14.966	1.899	15.2964	15.791
2021/11/18	11.627	8.934	7.3878	21.426	8.0927	1.854	13.392	2.259	10.607	1.877	15.2964	6.018
2021/11/19	11.627	13.934	7.3878	28.706	5.32128	3.398	15.9348	17.318	14.966	2.013	15.2964	8.768
2021/11/20	10.57	22.621	7.3878	49.598	2.4454	5.256	3.09256	28	10.607	4.809	17.4816	14.406
2021/11/21	13.4112	2.828	7.3878	44.486	5.32128	9.125	18.2112	28.431	10.607	13.986	17.4816	19.739
2021/11/22	10.57	15.301	6.3324	29.73	9.2488	2.488	18.2112	13.087	14.966	2.155	15.2964	9.756
2021/11/23	15.4252	1.16	6.3324	30.631	16.5914	1.876	18.2112	8.705	10.607	2.14	15.2964	9.495
2021/11/24	10.57	13.125	6.3324	26.466	6.6828	8.373	18.2112	3.259	10.607	3.363	15.2964	12.559
2021/11/25	22.86576	1.283	6.3324	26.912	7.6704	4.129	18.2112	1.266	14.966	3.308	15.2964	10.217
2021/11/26	13.4112	1.446	6.3324	37.648	11.851	3.474	3.09256	15	10.607	3.685	13.1112	17.511
2021/11/27	11.8384	26.175	6.3324	56.466	6.6198	3.238	10.044	8.113	9.5463	9.088	13.1112	23.115
2021/11/28	15.6464	1.979	7.3878	47.269	6.6828	4.883	15.9348	17.957	9.5463	6.943	13.1112	21.817
2021/11/29	17.248	1.015	6.3324	26.496	4.6272	5.608	3.09256	14	10.607	2.67	13.1112	9.182
2021/11/30	15.6464	1.282	6.3324	27.918	12.5873	1.706	7.812	6.467	10.607	4.447	10.926	25.737
2021/12/1	10.57	20.724	7.3878	26.523	2.91642	8.087	7.812	3.663	10.607	3.897	10.926	18.538
2021/12/2	19.5678	0.229	7.3878	18.364	4.4552	14.117	3.09256	8	12.6012	1.146	10.926	18.263
2021/12/3	9.0902	17.576	6.3324	18.09	3.93312	1.905	13.6584	30.682	10.607	4.859	13.1112	20.739
2021/12/4	14.9408	2.602	6.3324	56.198	7.1106	7.611	13.6584	43.53	14.966	1.11	15.2964	22.865
2021/12/5	15.6464	1.883	6.3324	46.011	6.2634	11.193	13.6584	43.026	12.6012	1.723	15.2964	25.795
2021/12/6	17.248	1.905	7.3878	11.266	6.2634	10.068	3.09256	19	8.4856	6.805	13.1112	14.424
2021/12/7	17.248	2.514	7.3878	25.907	3.3651	8.347	15.9348	16.664	12.8052	0.895	13.1112	16.639
2021/12/8	10.57	18.784	7.3878	22.516	3.3651	7.6	13.6584	17.61	8.4856	4.88	15.2964	15.059
2021/12/9	15.4252	3.489	7.3878	19.842	5.5165	1.815	13.6584	21.969	8.4856	5.04	15.2964	12.175
2021/12/10	15.4252	1.154	7.3878	29.168	5.3135	7.643	15.9348	21.895	8.4856	6.777	15.2964	14.231
2021/12/11	9.0902	29.256	6.3324	80.848	5.3135	17.239	13.6584	50.839	10.607	8.363	15.2964	30.45
2021/12/12	10.57	32.78	6.3324	56.884	6.6828	14.011	15.9348	36.637	10.607	8.652	15.2964	15.656
2021/12/13	8.456	27.989	6.3324	21.245	6.6828	12.788	2.666	66	10.607	0.492	9.3648	15.481
2021/12/14	15.4252	4.264	6.3324	29.013	6.6828	10.236	15.9348	16.517	10.607	1.265	15.2964	13.141
2021/12/15	8.456	23.307	4.4408	2.602	2.91642	9.532	2.666	32	10.607	3.473	13.1112	18.179
2021/12/16	8.456	24.769	6.3324	35.708	6.2634	12.908	13.6584	29.296	12.8052	0.694	8.7408	25.768
2021/12/17	8.456	24.426	6.3324	34.952	5.3135	13.729	6.696	10.755	12.828	4.749	8.7408	34.299
2021/12/18	8.456	21.33	6.3324	49.03	7.1106	12.971	13.6584	46.493	10.607	7	8.7408	42.242
2021/12/19	15.092	2.306	5.91024	56.482	2.2276	43.152	13.6584	27.857	10.607	6.054	8.7408	51.133
2021/12/20	7.8218	21.321	6.3324	31.448	5.5165	5.566	6.696	7.399	10.607	3.263	8.7408	24.901
2021/12/21	12.936	1.79	6.3324	47.2	5.3135	7.016	13.6584	31.545	14.966	2.143	8.7408	18.202
2021/12/22	7.8218	12.258	5.551	4.436	2.2276	15.873	7.812	6.898	10.607	1.897	8.7408	14.458
2021/12/23	11.018	10.523	6.3324	28.376	3.4704	4.425	13.6584	30.325	8.4856	5.02	8.7408	23.368
2021/12/24	8.456	33.907	6.3324	35.441	4.92435	12	13.6584	34.617	8.4856	7.259	9.8334	30.135
2021/12/25	8.456	39.512	6.3324	62.761	4.2508	18.109	15.9348	63.826	14.966	2.178	9.8334	33.162
2021/12/26	8.456	42.83	6.3324	90.012	3.3651	9.663	15.9348	46.711	10.607	5.562	9.8334	28.498
2021/12/27	8.456	24.108	6.3324	37.892	7.1106	4.516	15.9348	5.859	14.966	1.806	9.8334	15.213
2021/12/28	7.55067	7	6.3324	31.748	6.2634	7.889	6.696	8.004	10.607	3.292	9.8334	24.145
2021/12/29	8.456	14.901	6.3324	30.789	7.1106	6.295	6.696	4.159	10.607	2.449	8.7408	24.749
2021/12/30	8.2446	14.334	6.3324	30.64	4.2508	5.102	6.696	3.745	10.607	7.39	8.7408	17.651
2021/12/31	8.2446	25.094	6.3324	57.659	3.3651	7.703	15.9348	33.937	12.828	3.513	4.6824	40.607
2022/1/1	8.2446	28.522	6.3324	74.168	6.822	1.56	15.9348	37.056	10.607	8.594	8.7408	38.272
2022/1/2	8.2446	19.704	6.3324	23.006	4.92435	5	8.928	12.803	10.607	9.097	8.7408	26.605
2022/1/3	17.8816	2.383	6.3324	58.589	3.3651	7.807	15.9348	21.125	10.607	8.607	6.5556	38.027
2022/1/4	6.342	34.406	6.3324	46.229	6.9366	1.175	15.9348	25.897	10.607	3.946	6.5556	45.257
2022/1/5	6.342	40.488	6.3324	31.197	1.64145	5	7.7	2	10.607	7.761	6.5556	39.688
2022/1/6	20.1168	1.572	6.3324	31.345	3.3651	7.163	15.9348	16.215	10.607	3.284	6.5556	35.897
2022/1/7	13.2216	6.564	6.3324	42.554	7.8967	3.191	13.6584	45.684	11.6677	10.054	8.7408	31.834
2022/1/8	7.55067	19	6.3324	58.58	5.36207	10	13.6584	53.23	12.828	4.434	8.7408	43.284
2022/1/9	7.6104	44.05	11.06919	9	3.78692	23.958	13.6584	48.208	12.828	4.249	6.5556	113.732
2022/1/10	27.31188	2.204	6.3324	35.084	5.36207	5	13.6584	26.011	10.607	5.231	6.5556	35.175
2022/1/11	6.342	52.645	6.3324	19.652	4.2508	2.526	8.928	3.555	11.7381	0.994	6.5556	54.466
2022/1/12	6.342	52.472	6.3324	28.544	2.2434	10.812	15.9348	11.993	11.6677	5.074	6.5556	35.007
2022/1/13	6.342	41.841	6.3324	16.681	5.7805	1.573	15.9348	11.367	11.6677	5.968	6.5556	21.816
2022/1/14	6.342	40.427	6.3324	35.033	2.73575	5	15.9348	14.064	11.6677	2.966	7.6482	23.405
2022/1/15	13.9596	0.51	6.3324	47.338	5.3135	7.177	15.9348	6.928	10.607	7.258	7.6482	37.538
2022/1/16	7.55067	17	6.3324	41.028	2.2434	21.829	6.696	4.951	10.607	10.895	6.5556	58.007
2022/1/17	21.13254	1.903	6.3324	40.524	8.0675	9.412	3.91755	16	10.607	7.479	7.6482	11.755
2022/1/18	11.018	8.172	6.3324	29.633	5.3135	3.912	18.2112	13.594	10.607	5.161	7.6482	9.211
2022/1/19	8.456	28.457	6.3324	48.879	6.822	3.542	18.2112	19.014	10.607	1.114	7.6482	16.223
2022/1/20	8.456	45.808	6.3324	53.814	2.73575	4	6.45637	5	10.607	12.214	7.6482	32.318
2022/1/21	10.57	38.685	7.3878	55.275	5.5165	2.42	10.044	13.361	10.607	13.819	7.6482	32.031
2022/1/22	12.684	46.998	6.6612	3.776	8.0675	24.511	20.4876	22.249	17.104	12.012	8.7408	64.541
2022/1/23	17.6288	16.943	11.6094	62.496	21.70152	3.735	12.276	16.172	14.8498	15.756	8.7408	73.152
2022/1/24	17.6288	10.753	12.6648	35.996	7.8967	2.255	20.4876	33.837	14.8498	19.759	9.8334	22.147
2022/1/25	43.77602	1.449	12.6648	63.18	4.4868	9.343	20.4876	35.911	14.8498	19.006	10.926	48.877
2022/1/26	14.798	44.472	7.7714	6.465	4.92435	15	20.4876	29.326	17.104	5.928	10.926	32.217
2022/1/27	14.798	57.236	12.6648	90.101	4.4868	14.598	6.93105	21	16.9712	10.167	10.926	58.027
2022/1/28	14.798	86.352	12.07548	70	14.2212	17.29	13.392	4.123	17.104	8.468	10.926	85.253
2022/1/29	14.798	146.512	11.06919	111	4.4868	30.151	13.392	10.937	16.8016	6.323	10.926	90.907
2022/1/30	21.13254	7.756	14.7756	108.55	20.1856	4.475	2.9	12	17.104	25.521	5.38476	4.058
2022/2/1	29.92284	1.617	14.7756	20.473	4.4868	6.743	2.9	1	17.104	6.086	10.926	13.968
2022/2/2	14.798	44.895	14.7756	34.787	16.5914	8.854	24.58512	14.549	19.0926	19.771	10.926	38.729
2022/2/3	52.50656	11.838	12.6648	3.662	10.233	8.303	4.9637	6	17.104	5.113	10.926	26.229
2022/2/4	43.55604	3.298	12.6648	54.237	6.7686	46.145	6.93105	24	14.8498	38.907	10.926	48.036
2022/2/5	52.50656	2.695	9.9918	0.96	6.7686	18.257	6.93105	30	12.7284	39.175	9.8334	45.665
2022/2/6	17.8816	25.147	12.6648	61.176	18.9616	21.023	22.53636	15.038	12.7284	29.187	9.8334	52.784
2022/2/7	20.1168	15.817	12.6648	40.076	2.07917	11	22.53636	9.407	12.7284	19.964	9.8334	43.144
2022/2/8	3.83005	5	10.554	28.383	16.5914	17.596	12.276	6.344	12.7284	21.304	9.8334	30.994
2022/2/9	20.1168	6.568	10.554	29.227	16.5914	8.231	22.53636	5.514	12.7284	11.07	9.8334	25.255
2022/2/10	19.404	3.564	10.554	28.635	4.4868	7.83	8.20725	5	12.7284	14.041	8.7408	23.057
2022/2/11	20.1168	6.585	10.554	34.543	6.5268	3.239	4.9637	10	12.7284	13.568	8.7408	24.982
2022/2/12	21.13254	2.663	8.4432	49.085	16.5914	14.457	20.4876	6.628	10.607	18.385	8.7408	35.481
2022/2/13	10.83357	1	8.4432	31.197	2.2434	9.334	4.9637	19	10.607	16.036	8.7408	37.882
2022/2/14	6.342	21.898	8.4432	22.341	7.6704	2.265	20.4876	9.618	10.607	20.182	8.7408	35.754
2022/2/15	10.83357	28	8.4432	47.492	2.2434	5.814	4.9637	11	10.607	10.172	8.7408	30.547
2022/2/16	6.342	22.199	8.8816	0.791	4.92435	6	20.4876	5.235	10.607	8.002	8.7408	21.875
2022/2/17	17.8816	2.069	8.4432	34.623	4.26777	4	20.4876	8.335	7.3507	3.535	8.7408	20.645
2022/2/18	13.2216	8.664	8.4432	33.695	3.78692	10.415	20.4876	11.249	10.607	10.637	8.7408	24.401
2022/2/19	7.55067	27	8.4432	37.763	13.83	19.526	20.4876	9.453	10.607	18.298	8.7408	49.665
2022/2/20	11.018	8.386	8.4432	35.58	13.83	15.615	4.9637	8	10.607	17.43	8.7408	30.111
2022/2/21	10.57	20.123	8.4432	26.034	3.93312	2.589	20.4876	5.197	10.607	10.632	8.7408	28.045
2022/2/22	3.83005	9	8.4432	25.201	2.73575	6	4.15896	4	7.3507	3.075	8.7408	21.47
2022/2/23	17.8816	3.246	8.4432	17.076	3.17347	10	4.9637	4	10.607	7.792	8.7408	28.796
2022/2/24	14.798	20.208	8.4432	19.778	8.9488	2.559	20.4876	5.097	17.104	2.481	8.7408	34.624
2022/2/25	14.798	23.868	11.06919	20	8.0101	7.183	20.4876	10.498	10.607	11.746	8.7408	25.668
2022/2/26	10.57	41.639	8.4432	40.831	3.56416	11.331	20.4876	8.56	12.6012	2.759	10.926	29.244
2022/2/27	7.55067	8	8.4432	33.006	2.2434	3.774	20.4876	6.748	10.607	10.724	10.926	34.072
2022/2/28	17.6288	5.22	6.3324	27.838	8.5016	3.732	20.4876	5.887	10.607	11.819	10.926	22.582
2022/3/1	17.6288	3.973	6.3324	5.051	3.56416	6.649	2.9	4	21.1662	3.92	10.926	22.944
2022/3/2	11.8384	18.004	6.3324	23.171	4.3512	4.318	4.15896	6	21.1662	1.985	10.926	18.905
2022/3/3	11.8384	21.329	6.3324	27.705	3.70176	3.545	20.4876	3.525	21.1662	4.444	10.926	21.88
2022/3/4	14.798	13.886	6.3324	21.276	4.4552	4.318	2.02616	14	21.1662	1.01	10.926	20.119
2022/3/5	6.45637	6	6.3324	44.23	3.17347	10	20.4876	6.725	23.0904	3.728	10.926	29.269
2022/3/6	21.66714	2.057	6.3324	47.119	10.2272	4.272	20.4876	10.323	11.6677	16.034	10.926	30.618
2022/3/7	22.12848	1.693	6.3324	24.482	4.3512	8.562	20.4876	3.626	12.7284	10.563	10.926	0.632
2022/3/8	21.13254	0.283	7.3878	6.754	10.2272	3.819	23.9328	6.851	12.7284	8.236	8.7408	14.951
2022/3/9	14.798	25.686	7.3878	17.2	3.2634	9.359	23.9328	5.91	12.7284	6.481	8.7408	15.084
2022/3/10	26.00248	6.179	7.3878	16.626	7.6704	4.178	23.9328	4.375	12.7284	7.109	8.7408	16.971
2022/3/11	14.798	18.047	7.3878	29.63	2.82828	6.605	23.9328	6.525	23.0904	3.223	10.926	19.027
2022/3/12	14.798	33.423	7.3878	37.329	4.7404	6.289	23.9328	9.441	23.0904	4.38	8.7408	27.009
2022/3/13	14.798	29.043	7.3878	28.204	9.0248	3.304	20.4876	1.347	12.7284	16.607	8.7408	30.393
2022/3/14	12.684	35.229	7.3878	15.345	6.321	1.225	23.9328	2.621	21.1662	1.974	10.926	9.127
2022/3/15	12.684	32.397	7.3878	14.498	3.70176	6.963	23.9328	7.725	14.7014	2.141	10.926	7.721
2022/3/16	12.684	29.676	7.3878	16.886	5.36207	26	23.9328	4.853	12.7284	9.985	10.926	11.689
2022/3/17	5.14321	5	7.3878	30.16	6.392	1.916	23.9328	10.615	12.7284	12.218	10.926	12.813
2022/3/18	28.42644	4.655	7.17672	26.701	5.6405	2.338	3.9507	19	12.7284	10.511	13.1112	14.473
2022/3/19	30.40968	11.298	7.17672	45.815	4.26777	24	3.9507	19	12.7284	14.926	13.1112	24.298
2022/3/20	30.40968	13.171	7.59888	40.66	3.17347	10	5.22193	3	12.7284	14.585	13.1112	16.749
2022/3/21	14.798	21.56	7.59888	25.391	4.4132	7.526	21.9384	10.734	12.7284	20.808	13.1112	13.613
2022/3/22	14.798	28.137	7.59888	27.306	4.4132	6.844	21.9384	9.89	12.7284	16.632	13.1112	16.239
2022/3/23	32.61328	11.958	7.59888	13.519	2.07917	6	21.9384	10.484	12.7284	15.245	13.1112	7.625
2022/3/24	14.798	14.373	8.4432	16.899	13.0104	4.198	21.9384	6.818	14.7014	0.444	13.1112	7.711
2022/3/25	16.19564	18	8.4432	30.63	12.0564	4.157	3.9507	12	12.7284	10.848	13.1112	13.882
2022/3/26	14.798	32.046	8.4432	33.381	6.9408	16.008	23.9328	18.283	12.7284	20.892	10.926	16.707
2022/3/27	32.61328	7.869	8.4432	33.214	12.0564	9.416	23.9328	7.091	21.1662	3.229	10.926	11.68
2022/3/28	14.798	15.221	8.4432	10.778	6.6198	4.211	23.9328	6.065	12.7284	12.276	10.926	2.089
2022/3/29	14.798	20.785	12.07548	3	9.22	8.729	23.9328	7.906	12.7284	10.476		
2022/3/30	16.912	25.229	8.4432	23.769	10.2272	5.452	3.09256	7	12.7284	12.25	8.7408	30.3
2022/3/31	32.61328	6.241	8.4432	18.934	4.26777	3	3.9507	4	14.8498	5.797	8.7408	25.097
2022/4/1	3.72062	8	8.4432	19.437	5.784	9.456	23.9328	9.349	14.8498	13.864	8.7408	25.701
2022/4/2	17.39937	10	8.4432	26.198	6.6198	8.006	3.09256	15	21.1662	2.661	8.7408	26.163
2022/4/3	14.798	27.268	17.5088	4.267	3.17347	12	20.4876	6.753	23.0904	3.528	8.7408	16.438
2022/4/4	11.81844	3	8.4432	31.759	56.99736	1.346	23.9328	13.056	14.8498	16.617	13.1112	22.224
2022/4/5	17.39937	6	8.4432	21.71	6.6198	9.786	23.9328	7.966	14.8498	13.058	13.1112	21.248
2022/4/6	8.64497	2	8.4432	3.757	4.6272	6.238	21.9384	6.438	21.1662	4.066	13.1112	10.634
2022/4/7	21.81564	5.197	8.4432	6.533	9.1544	1.482	21.9384	6.788	12.7284	9.215	13.1112	10.494
2022/4/8	26.00248	3.732	17.5088	1.203	3.79264	15.223	21.9384	5.572	21.1662	2.908	13.1112	10.629
2022/4/9	26.00248	12.739	8.4432	10.667	3.79264	32.849	3.7324	9	21.1662	3.891	15.2964	15.591
2022/4/10	10.57	52.31	17.5088	0.752	4.26777	13	3.7324	15	9.75844	20.175	15.2964	7.757
2022/4/11	10.57	28.656	8.4432	1.03	6.6198	8.844	21.9384	5.643	9.75844	7.501	13.1112	6.383
2022/4/12	12.684	32.696	8.4432	7.538	4.6272	7.931	21.9384	7.284	9.75844	17.785	15.2964	6.375
2022/4/13	12.684	30.051	8.4432	4.61	21.87108	1.537	21.9384	5.557	9.75844	15.535	15.2964	9.797
2022/4/14	12.684	30.63	9.4986	5.681	2.3704	23.359	15.3202	0.265	9.75844	16.945	15.2964	6.047
2022/4/15	12.684	33.142	9.4986	12.332	8.0927	4.828	3.9507	5	17.104	3.385	15.2964	10.73
2022/4/16	8.64497	11	9.4986	14.577	4.4132	6.844	21.9384	9.626	9.75844	23.573	15.2964	12.666
2022/4/17	12.684	21.209	9.4986	9.701	8.0927	8.535	16.63336	0.211	14.966	7.86	15.2964	20.254
2022/4/18	21.81564	7.829	9.4986	3.024	2.3704	9.64	21.9384	4.692	8.4856	20.593	15.2964	12.087
2022/4/19	4.26777	2	17.5088	0.915	2.73575	6	21.9384	3.395	14.966	2.393	15.2964	7.869
2022/4/20	12.684	15.192	17.5088	0.652	3.93312	9.584	21.9384	4.007	9.75844	15.33	15.2964	11.413
2022/4/21	9.7244	25.176	25.5915	0.661	4.26777	3	21.9384	5.226	9.75844	8.101	15.2964	8.341
2022/4/22	6.01865	6	9.4986	6.853	4.09088	3.387	3.9507	7	14.966	3.597	15.2964	18.726
2022/4/23	2.95461	4	9.4986	8.147	6.321	5.135	13.392	3.855	14.966	8.238	7.0236	6.007
2022/4/24	6.342	34.128	9.4986	4.52	4.26777	6	13.392	3.754	8.4856	12.085	15.2964	15.603
2022/4/25	21.13254	0.656	9.4986	2.923	8.18064	7.889	3.9507	6	14.966	3.74	13.1112	16.833
2022/4/26	6.342	34.12	9.4986	3.896	10.761	2.118	3.09256	3	12.6012	0.527	4.6824	0.631
2022/4/27	6.342	26.246	9.4986	1.451	3.93312	9.107	12.0373	5.465	8.4856	17.927	13.1112	9.138
2022/4/28	6.342	28.428	17.5088	1.034	4.4132	9.092	21.9384	5.688	12.828	7.542	13.1112	11.202
2022/4/29	6.342	43.634	9.4986	5.58	3.5556	13.177	21.9384	12.28	12.828	3.052	13.1112	21.114
2022/4/30	6.342	38.112	9.4986	9.22	8.298	23.073	21.9384	13.764	14.966	7.409	10.926	28.319
2022/5/1	6.342	47.447	61.5288	0.944	9.4808	4.435	3.09256	18	14.966	9.121	10.926	23.295
2022/5/2	6.342	34.099	25.5915	0.768	8.12232	11.802	21.9384	12.191	6.3642	39.977	10.926	13.734
2022/5/3	11.018	22.593	9.4986	2.868	13.0104	7.075	21.9384	7.375	17.104	1.122	8.7408	27.601
2022/5/4	17.0768	1.216	9.4986	5.681	4.09088	6.298	21.9384	7.921	6.3642	37.798	8.7408	26.182
2022/5/5	11.018	14.057	11.663	0.542	6.7686	9.062	20.4876	0.128	6.3642	21.234	8.7408	18.79
2022/5/6	6.342	35.006	25.5915	0.561	4.26672	14.186	21.9384	7.003	6.3642	28.078	8.7408	20.488
2022/5/7	20.1168	0.473	9.4986	3.494	9.0896	13.718	21.9384	7.837	6.3642	23.004	6.5556	23.375
2022/5/8	5.9192	47.67	9.4986	3.226	9.0896	17.261	21.9384	13.067	17.104	5.846	6.5556	42.607
2022/5/9	7.93296	33.452	9.4986	3.013	4.4132	9.545	21.9384	9.581	6.3006	21.076	8.7408	29.087
2022/5/10	7.93296	25.507	9.4986	3.672	6.7686	8.255	21.9384	6.417	10.607	8.532	8.7408	22.638
2022/5/11	6.342	20.944	13.9956	0.234	6.915	18.801	2.91305	9	17.104	5.183	8.7408	19.261
2022/5/12	6.342	17.721	9.4986	4.298	6.8172	21.952	21.9384	5.925	8.4856	13.354	8.7408	24.59
2022/5/13	7.93296	35.578	49.1238	0.942	3.93312	7.411	21.9384	7.1	8.4856	32.816	8.7408	21.993
2022/5/14	5.4964	37.768	9.4986	9.031	4.09088	6.457	21.9384	12.586	9.75844	31.77	8.7408	48.521
2022/5/15	8.8144	22.388	39.1998	0.389	8.6088	6.447	21.9384	9.248	14.966	11.863	8.7408	43.781
2022/5/16	8.8144	14.753	39.1998	0.475	8.6736	9.854	21.9384	6.527	8.4856	12.449	8.7408	23.633
2022/5/17	5.4964	19.518	39.1998	0.576	3.93312	4.613	21.9384	4.608	8.4856	11.457	8.7408	15.163
2022/5/18	5.4964	29.057	9.4986	0.926	8.18064	11.568	21.9384	7.598	8.4856	13.204	8.7408	20.24
2022/5/19	10.13656	7.37	9.4986	2.791	5.5165	7.238	21.9384	9.195	8.4856	15.73	8.7408	17.603
2022/5/20	11.018	7.491	9.4986	2.21	5.5165	5.485	21.9384	6.719	8.4856	14.248	10.05192	13.908
2022/5/21	5.4964	29.401	9.4986	4.375	9.0896	19.249	21.9384	13.484	8.4856	24.715	10.05192	26.494
2022/5/22	5.4964	21.479	41.6808	1.806	12.616	11.003	21.9384	8.398	8.4856	14.131	10.05192	23.847
2022/5/23	6.342	26.262	10.554	4.116	8.23896	4.609	21.9384	3.637	5.46052	8.8	10.05192	15.361
2022/5/24	8.8144	6.797	10.554	2.249	5.45192	10.904	21.9384	5.041	4.2004	7.527	8.7408	27.64
2022/5/25	5.4964	22.446	25.5915	1.146	6.915	12.203	21.9384	5.698	7.63704	11.078	8.7408	19.562
2022/5/26	4.228	27.786	41.6808	1.467	3.93312	9.228	2.91305	9	4.2004	8.941	8.7408	25.011
2022/5/27	4.228	21.392	10.554	7.239	6.915	16.413	21.9384	8.308	6.3642	11.377	8.7408	18.568
2022/5/28	11.176	3.334	10.554	5.413	3.86308	61.519	21.9384	14.827	6.3642	35.839	8.7408	35.114
2022/5/29	10.673	0.563	10.554	4.348	3.86308	45.862	21.9384	9.517	6.3642	35.176	8.7408	42.403
2022/5/30	4.228	16.242	20.68	2.482	6.915	15.99	4.1082	1	6.3642	16.965	8.7408	24.336
2022/5/31	4.228	28.341	39.1998	2.973	4.6272	7.425	5.9118	9	3.57034	7.501	8.7408	15.854
2022/6/1	4.228	19.524	39.1998	2.929	6.5052	5.287	21.9384	9.603	10.69	5.846	8.7408	22.234
2022/6/2	3.5938	24.167	39.1998	4.233	6.5052	14.953	2.9377	4	3.1503	13.31	8.7408	20.605
2022/6/3	7.93296	25.087	11.82048	5.368	4.98732	36.438	21.9384	13.149	5.51564	43.958	10.05192	29.489
2022/6/4	7.93296	12.907	39.1998	2.303	4.98732	15.414	21.9384	3.698	6.3642	23.158	10.05192	13.898
2022/6/5	10.78	1.748	39.1998	3.891	4.3368	18.991	21.9384	8.369	6.3642	14.162	10.926	21.97
2022/6/6	6.6108	17.453	20.68	1.862	5.86612	8.839	21.9384	6.543	6.3642	19.433	10.05192	23.309
2022/6/7	10.78	1.325	39.1998	1.354	3.90312	14.446	21.9384	4.139	10.69	6.196	10.05192	20.909
2022/6/8	6.6108	19.521	20.89692	2.318	15.0626	1.575	2.91305	7	2.1002	13.109	10.05192	17.046
2022/6/9	3.171	16.796	39.1998	1.645	6.915	17.234	21.9384	7.768	5.3035	21.837	10.05192	21.532
2022/6/10	6.6108	19.114	20.68	2.607	3.00768	13.01	21.9384	7.152	10.69	7.63	10.926	13.058
2022/6/11	3.3824	33.551	20.89692	1.429	3.90312	24.589	21.9384	9.533	5.3035	27.645	10.926	34.691
2022/6/12	3.3824	42.067	20.68	4.387	3.90312	24.415	2.9377	8	2.73026	12.619	10.926	29.698
2022/6/13	3.3824	15.067	41.6808	1.402	6.915	18.06	5.9118	12	10.69	3.785	10.926	23.638
2022/6/14	6.6108	9.717	41.6808	5.469	3.90312	15.537	21.9384	5.266	6.3642	17.42	10.926	23.587
2022/6/15	3.3824	19.084	22.79664	0.565	6.8658	3.038	21.9384	7.243	6.3642	18.343	10.926	18.931
2022/6/16	3.3824	25.637	22.79664	3.616	2.95412	19.467	5.9118	8	2.73026	20.666	10.926	18.079
2022/6/17	3.3824	24.339	20.89692	3.561	2.95412	22.353	5.9118	11	7.63704	21.677	10.926	27.301
2022/6/18	3.3824	29.655	11.663	2.109	4.488	5.885	21.9384	9.206	2.73026	14.142	10.926	29.834
2022/6/19	11.176	4.369	41.6808	7.244	3.08152	15.24	2.9377	12	2.73026	15.51	10.05192	31.956
2022/6/20	3.171	26.458	20.89692	3.46	6.7686	7.905	2.9377	5	7.63704	11.578	10.05192	26.02
2022/6/21	6.6108	11.966	20.89692	2.506	2.95412	12.895	5.9118	10	7.63704	13.507	7.86672	22.014
2022/6/22	3.8052	15.678	20.89692	6.338	3.08152	7.504	2.9377	7	7.63704	10.589	7.86672	23.449
2022/6/23	4.228	13.463	18.095	1.684	2.95412	11.217	22.53636	4.488	7.63704	8.366	7.86672	14.583
2022/6/24	4.228	18.593	39.1998	3.818	3.00768	12.739	22.53636	7.265	12.828	6.144	10.05192	17.64
2022/6/25	4.228	25.636	39.1998	4.644	15.0626	5.288	5.9118	12	8.4856	16.298	8.7408	22.426
2022/6/26	4.228	15.032	14.7756	15.757	8.23896	9.023	3.51575	11	8.4856	22.251	7.86672	36.32
2022/6/27	13.2216	8.103	39.1998	2.811	4.488	2.98	3.51575	14	3.1503	2.23	7.86672	21.772
2022/6/28	11.176	1.798	39.1998	4.228	6.8658	5.304	20.03232	6.702	8.552	3.154	8.7408	23.307
2022/6/29	13.2216	10.243	39.1998	5.6	8.298	26.638	20.03232	9.633	8.552	10.265	7.87896	19.345
2022/6/30	13.4112	0.894	14.7756	6.648	2.95412	13.835	5.9118	12	8.552	2.048	8.7408	27.499
2022/7/1	10.57	14.972	39.1998	4.413	2.95412	30.364	2.51125	32	7.63704	7.096	10.05192	23.073
2022/7/2	12.9252	1.682	14.7756	16.146	9.22	33.765	5.9118	18	7.63704	19.332	10.05192	37.192
2022/7/3	10.57	35.887	12.6648	28.679	3.4704	9.023	20.03232	9.18	7.63704	32.783	8.7544	11.596
2022/7/4	12.8076	2.876	12.6648	14.997	6.9366	11.428	20.03232	12.688	3.1503	3.716	10.926	27.955
2022/7/5	10.57	21.144	12.6648	22.459	6.915	21.375	4.9098	16	3.1503	5.439	10.926	23.267
2022/7/6	13.4112	2.334	18.095	1.433	6.915	24.571	1.90855	11	8.4856	1.822	10.926	15.254
2022/7/7	10.57	23.647	18.095	2.486	6.9408	5.738	20.03232	6.189	3.1503	3.379	8.7408	31.65
2022/7/8	10.57	20.743	12.6648	14.63	8.12232	12.399	22.53636	7.425	8.4856	4.31	8.7408	31.145
2022/7/9	5.36207	25	12.6648	23.259	6.915	31.836	20.03232	11.333	8.552	4.586	8.7408	44.535
2022/7/10	28.23294	0.938	18.095	3.712	5.69036	12.246	1.90855	34	8.4856	15.177	8.7544	24.35
2022/7/11	13.2216	1.372	10.554	28.358	6.915	31.334	1.80216	10	8.4856	23.432	8.7544	1.042
2022/7/12	13.2216	3.52	12.6648	24.735	6.915	27.375	22.53636	9.869	8.552	2.425	8.7544	30.244
2022/7/13	12.684	19.424	10.554	23.956	3.79264	6.521	4.9098	12	6.3642	5.905	8.7408	35.203
2022/7/14	12.684	13.078	10.554	8.244	8.0675	21.869	22.53636	11.618	10.607	4.4	10.926	34.033
2022/7/15	31.33456	1.064	10.554	31.33	6.9366	13.944	22.53636	9.411	10.607	7.479	10.926	30.18
2022/7/16	14.798	32.143	10.554	43.316	4.3368	17.856	4.9098	24	8.552	6.909	10.926	59.714
2022/7/17	13.741	28.603	18.095	4.421	4.3368	19.7	22.53636	18.046	3.78036	3.764	10.926	53.089
2022/7/18	13.0452	1.388	10.554	26.552	8.12232	11.37	22.53636	8.238	8.552	3.906	10.926	43.19
2022/7/19	17.3936	1.423	10.554	35.273	8.32896	5.852	22.53636	10.92	8.552	6.484	10.926	32.685
2022/7/20	13.741	20.959	10.554	39.104	8.12232	11.943	2.51125	16	7.4249	10.416	10.05192	43.777
2022/7/21	13.741	20.422	23.265	3.509	7.6065	24.229	2.51125	8	3.78036	8.37	10.05192	38.147
2022/7/22	3.83005	10	23.265	1.978	8.32896	6.173	4.9098	18	7.4249	6.131	10.05192	33.655
2022/7/23	10.57	32.473	36.7188	9.278	7.6065	42.274	2.9058	29	8.552	8.63	10.05192	45.47
2022/7/24	13.2216	8.439	10.554	51.41	8.12232	15.881	4.9098	10	4.2004	3.763	10.05192	45.96
2022/7/25	5.36207	17	10.554	34.218	8.32896	5.531	22.53636	6.207	8.552	7.061	8.7544	33.32
2022/7/26	7.399	30.12	10.554	28.507	7.6065	29.662	4.9098	13	8.552	2.651	8.7544	27.13
2022/7/27	8.456	31.688	10.554	33.969	7.6065	22.292	22.53636	4.781	10.69	2.22	10.05192	37.251
2022/7/28	28.23294	1.574	10.554	36.225	7.6065	30.834	29.36556	7.288	7.4249	15.557	10.05192	42.062
2022/7/29	8.456	21.172	23.265	3.307	4.26777	74	12.0373	2.557	7.4249	8.64	10.05192	32.206
2022/7/30	7.399	28.886	36.7188	5.768	2.07917	19	26.86152	10.772	7.4249	9.442	10.943	17.714
2022/7/31	6.342	46.334	23.265	3.669	4.26777	58	6.45637	3	6.5658	3.39	10.05192	48.343
2022/8/1	5.285	60.549	23.265	4.294	6.9366	13.759	6.45637	4	7.4249	17.494	8.7408	63.698
2022/8/2	5.285	35.269	9.70968	22.666	4.26777	36	6.28763	10	6.3006	9.917	8.7408	49.663
2022/8/3	5.285	49.822	8.4432	32.666	3.17347	41	11.81844	2.053	10.69	5	7.6482	46.229
2022/8/4	5.285	52.045	8.4432	45.556	4.26777	68	6.45637	6	7.4249	9.885	7.6482	46.759
2022/8/5	4.228	62.13	8.4432	35.694	3.79264	8.007	6.45637	14	7.4249	8.754	9.62984	23.609
2022/8/6	4.228	54.478	8.4432	39.012	4.26777	62	26.86152	7.224	10.69	5.372	7.6482	69.204
2022/8/7	2.07917	26	2.2434	40	10.06756	8.288	2.51125	34	12.0373	11.068	7.6482	67.31
2022/8/8	4.228	50.21	8.4432	30.797	4.26777	61	4.9098	18	6.5658	3.155	9.62984	21.282
2022/8/9	4.228	51.754	8.4432	30.632	4.26777	59	4.9098	12	12.0373	11.696	7.6482	54.968
2022/8/10	28.23294	2.531	8.4432	32.376	10.06756	10.427	6.45637	11	6.5658	4.144	7.6482	53.221
2022/8/11	2.07917	35	2.2434	35	4.26777	40	2.51125	38	12.0373	6.604	7.6482	53.45
2022/8/12	3.8052	58.153	36.7188	3.146	4.26777	43	2.51125	27	12.0373	9.439	7.6482	55.454
2022/8/13	3.8052	65.167	19.6974	4.439	3.17347	33	11.81844	12.689	12.0373	13.591	7.6482	72.596
2022/8/14	4.228	43.274	36.7188	6.125	4.92435	16	2.73575	8	6.5658	12.267	7.6482	80.196
2022/8/15	5.0736	24.633	8.4432	34.299	4.26777	40	26.86152	5.787	12.0373	8.99	7.6482	54.823
2022/8/16	5.0736	18.06	8.4432	30.835	2.07917	38	26.86152	6.379	10.69	5.532	9.62984	27.838
2022/8/17	5.0736	34.02	19.6974	5.467	4.26777	45	26.86152	6.036	12.0373	9.034	7.6482	58.56
2022/8/18	2.73575	31	7.59888	40.716	3.17347	22	26.86152	8.358	10.69	8.967	7.6482	77.794
2022/8/19	3.17347	10	7.59888	76.894	10.06756	27.492	23.63688	10.388	10.69	15.048	8.7408	152.132
2022/8/20	3.17347	3	19.6974	6.874	3.17347	34	23.63688	6.044	10.69	9.659	8.7408	78.363
2022/8/21	5.9192	48.318	19.6974	7.021	4.92435	106	3.51575	23	10.69	14.39	9.62984	33.325
2022/8/22	6.342	32.336	7.59888	16.789	5.36207	25	23.63688	3.037	10.69	1.064	9.62984	20.595
2022/8/23	6.342	30.294	7.59888	32.058	10.06756	9.498	23.63688	3.27	10.69	6.929	9.62984	14.283
2022/8/24	6.342	14.233	7.59888	28.985	10.06756	9.553	23.63688	6.134	10.69	5.392	9.62984	33.292
2022/8/25	6.342	21.999	19.6974	8.456	4.92435	24	14.2259	3.765	12.0373	6.512	10.05192	33.179
2022/8/26	6.342	37.225	7.59888	21.581	6.9366	7.953	23.63688	6.877	9.8348	6.998	10.05192	28.473
2022/8/27	7.399	30.855	7.59888	60.116	2.07917	53	23.63688	12.688	12.0373	14.244	9.62984	12.225
2022/8/28	7.399	47.592	7.59888	65.936	7.8967	43.124	14.2259	3.157	8.4856	5.881	10.926	59.804
2022/8/29	6.342	19.702	7.59888	33.775	2.07917	14	3.51575	22	8.4856	3.455	10.05192	36.867
2022/8/30	6.45637	25	19.6974	4.812	4.26777	13	14.2259	5.185	6.5658	5.019	13.1112	28.473
2022/8/31	3.17347	19	7.59888	23.994	4.3772	24.114	16.4145	4.124	6.5658	2.35	13.1112	15.469
2022/9/1	21.66714	1.425	12.07548	14	3.17347	25	26.86152	10.237	14.966	2.243	15.3202	19.245
2022/9/2	8.456	25.696	7.59888	38.188	8.0927	14.425	26.86152	8.245	6.5658	2.014	13.1112	23.302
2022/9/3	3.83005	32	7.59888	59.737	4.3772	38.307	8.53554	8	12.0373	9.781	13.1112	32.628
2022/9/4	6.45637	37	7.59888	75.931	9.2488	25.452	28.23294	15.182	6.5658	6.009	13.1112	31.447
2022/9/5	10.57	16.319	7.59888	26.973	5.36207	33	28.23294	6.786	12.0373	9.671	15.3202	27.303
2022/9/6	10.57	23.519	7.59888	24.538	8.7544	6.069	16.4145	6.049	5.69036	4.283	13.1112	20.672
2022/9/7	10.57	17.062	7.59888	26.202	7.44124	37	9.8487	7.641	14.2259	9.136	16.3884	20.356
2022/9/8	10.57	13.606	7.59888	25.24	9.73927	11	28.23294	4.2	14.2259	3.534	15.2964	17.001
2022/9/9	10.57	27.199	7.59888	51.805	7.55067	79	8.64497	1	10.06756	0.95	15.3202	38.731
2022/9/10	10.57	39.614	32.39128	6.269	8.7544	15.202	28.23294	14.863	10.06756	0.491	15.2964	44.847
2022/9/11	10.57	37.263	7.59888	53.133	7.55067	71	30.5808	11.458	14.966	6.927	15.3202	34.119
2022/9/12	10.57	36.061	32.39128	5.87	8.5384	8.382	30.5808	8.522			15.2964	32.882
2022/9/13	21.66714	2.677	32.39128	4.966	6.8172	6.629	20.7917	3.392			15.3202	24.296
2022/9/14	16.912	10.297	32.39128	3.926	6.8172	5.067	9.48473	6			15.3202	21.354
2022/9/15	6.45637	10	32.39128	6.59	7.55067	48	5.9118	15			13.1112	15.86
2022/9/16	21.66714	0.646	32.39128	4.818	8.5384	6.158	16.4145	5.677			13.1112	20.241
2022/9/17	3.83005	32	6.3324	0.889	5.36207	9	4.92205	18			13.1112	38.352
2022/9/18	5.36207	6	32.39128	4.381	6.45637	18	16.4145	4.733			12.0373	23.816
2022/9/19	4.26777	4	4.92435	3.572	8.0927	11.065	28.23294	5.238			13.1112	22.068
2022/9/20	5.36207	3	8.31668	6.258	6.45637	8	28.23294	9.687			10.943	22.99
2022/9/21	16.912	10.419	32.39128	5.357	4.5448	7.198	25.82548	11.666			10.06756	14.432
2022/9/22	3.83005	16	12.07548	13	6.45637	19	25.82548	3.938			10.06756	28.277
2022/9/23	21.66714	1.562	12.07548	24	7.87896	11.719	4.92205	23			10.06756	45.304
2022/9/24	19.026	22.054	12.07548	42	4.3368	3.537	4.92205	49			10.06756	47.598
2022/9/25	4.26777	13	32.39128	4.767	10.06756	2.598	26.1488	14.147			13.1112	32.21
2022/9/26	5.36207	1	8.31668	0.503	3.17347	19	4.92205	25			12.67416	18.982
2022/9/27	19.026	10.558	6.3324	15.284	7.55067	50	23.63688	3.805			10.06756	20.461
2022/9/28	16.912	13.841	6.3324	44.298	3.17347	22	20.7917	3.598			10.06756	17.959
2022/9/29	5.36207	12	6.3324	25.74	3.17347	35	20.7917	2.754			10.06756	23.046
2022/9/30	12.684	15.654	6.3324	43.812	6.9366	7.552	16.4145	3.523			13.1112	17.011
2022/10/1	12.684	34.864	6.3324	65.979	4.3368	2.576	21.66714	13.099			13.1112	36.677
2022/10/2	4.26777	10	11.06919	21	5.3135	0.504	20.4876	20.493			10.06756	37.85
2022/10/3	6.34694	4	6.3324	45.391	3.83005	31	20.4876	16.001			10.06756	41.468
2022/10/4	12.684	39.609	6.3324	58.761	4.80864	0.819	20.7917	3.06			13.1112	30.293
2022/10/5	12.684	27.128	7.3878	66.955	5.12304	12.789	21.66714	21.638			13.1112	39.917
2022/10/6	10.57	28.284	12.07548	42	3.83005	45	21.66714	35.755			13.1112	36.642
2022/10/7	9.7244	51.773	6.3324	58.376	4.92435	72	3.91755	98			10.926	45.141
2022/10/8	9.7244	33.623	6.3324	56.144	6.12808	24.461	22.53636	12.728			10.06756	13.616
2022/10/9	9.7244	30.766	32.39128	5.094	3.83005	10	3.91755	74			10.06756	26.257
2022/10/10	9.7244	29.905	6.3324	28.495	8.7544	10.956	3.91755	59			10.926	24.15
2022/10/11	4.26777	7	11.06919	10	9.22	5.001	3.91755	62			10.06756	13.606
2022/10/12	28.23294	1.343	6.3324	24.28	5.12304	4.872	3.91755	51			10.06756	14.05
2022/10/13	3.83005	19	6.3324	41.194	6.3762	6.042	23.63688	3.687			13.1112	16.247
2022/10/14	8.456	17.198	11.06919	6	6.3762	2.367	3.91755	37			13.1112	6.507
2022/10/15	8.456	52.121	6.3324	73.712	4.92435	95	3.51575	141	10.607	11.686	13.1112	36.893
2022/10/16	3.83005	38	6.3324	73.142	3.17347	26	23.63688	7.908	10.607	2.55	13.1112	33.196
2022/10/17	8.456	30.343	5.91024	24.435	3.83005	32	8.53554	17	10.607	5.762	10.06756	19.247
2022/10/18	6.45637	25	5.91024	30.71	6.9366	7.754	3.51575	77	8.4856	6.786	13.1112	21.432
2022/10/19	8.456	30.364	5.91024	28.515	3.17347	38	8.53554	8	8.4856	13.004	13.1112	25.813
2022/10/20	8.456	21.635	5.91024	32.368	7.87896	13.186	3.51575	38	8.4856	4.701	13.1112	19.969
2022/10/21	21.66714	12.32	5.91024	51.532	4.3772	59.696	16.4145	3.465	10.607	38.084	13.1112	53.495
2022/10/22	6.45637	46	5.91024	58.571	4.92435	44	20.4876	41.994	10.607	7.952	13.1112	23.724
2022/10/23	3.83005	47	5.91024	46.265	3.17347	8	20.4876	16.086	10.607	14.581	10.06756	18.484
2022/10/24	8.456	13.026	5.91024	30.023	3.83005	7	20.4876	7.553	10.607	3.223	13.1112	14.405
2022/10/25	21.66714	1.409	5.91024	22.773	3.17347	38	2.91305	51	10.607	4.156	10.06756	19.131
2022/10/26	8.456	23.458	12.07548	14	4.3772	18.459	20.4876	8.981	8.4856	4.56	10.06756	28.681
2022/10/27	4.26777	3	5.91024	24.97	2.98844	12.647	2.91305	73	8.4856	2.299	13.1112	18.037
2022/10/28	4.26777	2	16.19564	3.888	2.98844	13.043	20.4876	16.135	8.4856	11.885	7.6601	15.953
2022/10/29	6.342	64.192	11.06919	35	4.92435	35	20.4876	30.743	8.4856	11.396	10.926	39.821
2022/10/30	6.342	62.613	5.91024	46.957	4.4132	15.685	20.4876	18.727	7.4249	10.805	10.05192	40.491
2022/10/31	5.9192	25.068	5.91024	27.47	10.24696	2.227	8.53554	1	7.4249	3.319	10.05192	21.366
2022/11/1	3.17347	17	5.48808	15.776	5.685	2.521	20.4876	9.93	7.4249	3.305	6.34694	12.747
2022/11/3	28.23294	0.301	5.48808	2.926	2.98844	6.125	20.4876	16.284	6.3642	4.012	8.7408	31.799
2022/11/5	3.83005	44	5.48808	46.655	5.95036	4.786	2.91305	105	6.3642	9.816	6.34694	30.092
2022/11/6	5.0736	40.026	5.48808	46.228	4.4132	6.82	18.2112	26.139	6.3642	4.647	5.25264	27.405
2022/11/7	3.83005	19	12.07548	5	3.06404	24.784	2.91305	46	6.3642	3.256	5.25264	24.696
2022/11/8	5.0736	25.978	5.48808	17.442	5.95036	5.698	16.4145	6.336	6.3642	3.86	5.25264	21.819
2022/11/9	5.0736	22.596	5.48808	15.002	3.17347	33	2.73575	3	6.3642	2.871	5.25264	18.333
2022/11/10	4.26777	12	5.48808	6.668	3.56416	4.969	8.53554	7	6.3642	6.897	8.7408	21.003
2022/11/11	4.228	38.976	12.07548	17	5.36207	2	2.91305	107	6.3642	7.801	5.25264	22.176
2022/11/12	13.02217	2.193	5.48808	46.033	5.41488	7.749	15.9348	40.211	6.3642	10.572	8.7408	32.389
2022/11/13	4.228	65.721	12.07548	10	2.73575	36	15.9348	38.946	6.3642	7.366	5.25264	24.045
2022/11/14	4.228	33.591	5.48808	17.464	7.6601	0.316	2.91305	55	6.3642	5.605	8.7408	16.484
2022/11/15	4.228	29.803	12.07548	14	5.03378	6.056	2.91305	58	6.3642	7.266	7.6482	23.782
2022/11/16	4.228	31.347	5.48808	9.206	2.73575	27	15.9348	19.886	6.3642	2.568	7.6482	13.506
2022/11/17	4.228	31.27	12.07548	27	4.2508	8.763	15.9348	17.258	6.3642	8.038	5.25264	26.565
2022/11/18	3.8052	76.691	5.48808	30.853	2.73575	20	15.9348	27.089	6.3642	17.923	7.6482	34.719
2022/11/19	3.8052	192.063	5.48808	142.219	3.17347	70	15.9348	72.672	6.3642	35.546	5.25264	30.219
2022/11/20	4.228	93.647	12.07548	36	2.1346	13.566	15.9348	25.965	6.3642	0.252	7.6482	50.551
2022/11/21	4.228	211.63	5.48808	157.132	2.1346	35.351	15.9348	59.541	6.3642	52.367	5.25264	32.194
2022/11/22	4.26777	9	5.91024	24.355	3.17347	17	18.2112	6.242	6.3642	4.816	5.25264	25.578
2022/11/23	4.228	22.729	32.39128	1.041	2.1886	44.189	18.2112	9.445	6.3642	6.848	5.25264	14.469
2022/11/24	4.228	31.925	5.91024	26.941	3.5868	23	6.45637	3	6.3642	7.701	5.25264	13.818
2022/11/25	4.228	26.29	12.07548	20	3.23904	16.341	2.91305	14	6.3642	14.817	5.25264	21.42
2022/11/26	4.228	40.257	5.91024	14.624	2.98844	19.166	16.4145	0.542	6.3642	9.449	7.6482	17.357
2022/11/27	3.83005	7	5.91024	3.165	2.1886	17.553	16.4145	0.857	6.3642	4.146	5.25264	3.192
2022/11/28	4.228	7.451	5.91024	0.809	2.73575	5	16.4145	0.241	3.1821	1.04	7.6482	2.098
2022/11/29	4.26777	2	5.91024	7.194	2.73575	5	13.1316	1.447	3.1821	1.778	5.25264	5.943
2022/12/4	4.26777	4	12.07548	6	2.73575	14	4.92435	12	8.4856	1.168	7.6482	2.903
2022/12/5	6.45637	2	5.91024	5.811	2.73575	7	2.91305	86			5.25264	30.282
2022/12/6	4.26777	23	5.91024	37.863	4.2508	22.934	18.2112	22.62	8.4856	7.977	7.6482	28.723
2022/12/7	3.3824	45.383	5.91024	38.331	3.82572	11.517	3.51575	75	8.4856	11.597	7.6482	24.04
2022/12/8	4.26777	7	5.277	32.48	3.83005	34	17.073	17.678	8.4856	4.524	7.21116	27.835
2022/12/9	3.3824	25.447	12.07548	15	7.7231	4.282	17.073	13.484	8.4856	4.422	2.62632	25.977
2022/12/10	3.3824	49.153	12.07548	28	11.138	7.372	6.45637	5	8.4856	6.572	6.5556	33.717
2022/12/11	3.83005	40	5.277	26.311	1.75088	48.527	17.073	22.549	8.4856	2.865	6.5556	24.316
2022/12/12	3.3824	22.38	5.277	18.569	3.83005	27	16.4145	2.896	8.4856	3.379	3.17347	22.386
2022/12/13	3.17347	12	4.2216	30.33	1.70768	12.567	5.9118	14	8.4856	5.316	6.5556	25.675
2022/12/14	3.83005	23	12.07548	8	2.244	3.163	17.073	8.729	8.4856	6.973	7.6482	25.014
2022/12/15	3.83005	47	12.07548	18	3.83005	41	4.52025	42	8.4856	8.607	5.25264	19.446
2022/12/16	3.3824	30.764	4.2216	43.716	3.83005	53	8.53554	18	8.4856	6.37	7.6482	25.275
2022/12/17	3.83005	30	12.07548	48	3.83005	12	18.2112	11.424	9.66092	4.018	7.6482	43.336
2022/12/18	3.3824	35.418	4.2216	38.335	15.5932	4.723	5.9118	24	8.4856	12.025	5.25264	35.469
2022/12/19	17.5088	0.37	4.2216	32.196	1.75088	40.257	18.2112	13.067	8.4856	11.56	5.25264	30.429
2022/12/20	3.3824	19.561	4.2216	31.92	3.5868	58	20.4876	13.785	8.4856	6.731	5.25264	21.609
2022/12/21	3.83005	25	4.2216	33.993	9.4808	8.659	4.52025	67	8.4856	17.74	8.7408	28.709
2022/12/22	3.17347	32	12.07548	7	1.75088	54.422	20.4876	14.652	8.4856	8.883	8.7408	16.283
2022/12/23	3.3824	28.649	5.06592	35.565	7.6601	3.134	10.88703	2	8.4856	8.921	5.25264	15.666
2022/12/24	1.86031	41	5.06592	34.956	1.70768	24.615	20.4876	11.65	8.4856	11.582	10.05192	22.436
2022/12/25	3.3824	43.838	5.06592	60.162	3.83005	19	4.52025	81	8.4856	5.742	5.25264	28.959
2022/12/26	3.3824	38.362	5.32896	6.993	1.70768	8.269	4.52025	65	8.4856	11.144	10.05192	12.338
2022/12/27	3.3824	35.354	5.32896	9.072	4.6116	22	4.52025	50	8.4856	6.282	5.25264	20.475
2022/12/28	3.17347	5	5.32896	8.547	1.75088	66.604	20.4876	10.157	8.4856	8.167	5.25264	15.351
2022/12/29	4.228	23.236	12.07548	26	14.2212	2.894	20.4876	13.147	8.4856	3.656	5.69036	12.137
2022/12/30	4.228	32.508	5.32896	14.89	1.75088	58.333	3.9	22	8.4856	5.805	5.69036	19.771
2022/12/31	4.228	48.009	5.32896	17.914	9.62984	1.85	6.45637	7	8.4856	5.164	10.926	24.181
2023/1/1	2.73575	63	4.2216	35.055	3.83005	50	20.4876	18.003	13.1316	0.752	5.69036	20.122
2023/1/2	6.342	29.57	16.4145	2.012	3.83005	41	5.9118	22	8.4856	16.647	10.926	15.504
2023/1/3	12.0373	3.97	12.07548	19	4.92435	40	3.9	11	8.4856	3.191	10.06756	14.781
2023/1/4	6.342	28.357	12.07548	29	17.8208	8.072	14.2259	2.569	9.75844	3.929	10.06756	14.53
2023/1/5	5.36207	25	8.31668	7.197	3.5868	38	14.2259	3.249	9.75844	5.383	13.1112	12.259
2023/1/6	7.399	21.151	4.2216	21.769	2.1346	6.069	4.52025	49	9.75844	6.247	13.1112	15.167
2023/1/7	5.36207	26	12.07548	18	15.5932	9.844	20.4876	11.841	9.75844	9.684	10.06756	9.553
2023/1/8	14.2259	2.177	12.07548	20	1.53202	41.617	20.4876	13.049	9.75844	15.154	13.1112	23.471
2023/1/9	8.456	21.472	5.06592	22.412	1.53202	29.927	3.9	10	9.75844	11.607	10.06756	11.692
2023/1/10	3.83005	13	12.07548	19	13.3656	9.156	4.92205	48	10.607	8.132	13.1112	9.616
2023/1/11	4.26777	8	5.48808	21.708	3.83005	32	5.9118	10	10.607	9.782	13.1112	15.861
2023/1/12	7.399	28.396	8.31668	7.382	1.53202	40.294	4.92205	41	10.607	9.159	13.1112	19.358
2023/1/13	23.64248	1.047	5.91024	24.895	1.53202	46.914	24.58512	10.353	12.6012	1.246	10.06756	18.528
2023/1/14	17.6288	10.278	6.3324	45.039	6.45637	24	6.45637	10	12.7284	24.21	10.06756	28.285
2023/1/15	17.3936	1.178	12.07548	61	10.627	9.017	26.86152	12.642	12.7284	16.388	10.06756	38.423
2023/1/16	12.936	4.005	7.3878	23.076	1.75088	43.206	26.86152	14.872	12.7284	16.76	12.0186	20.02
2023/1/17	19.0548	5.099	12.07548	40	5.36207	6	26.86152	12.635	14.7014	6.855	12.0186	24.782
2023/1/18	9.7244	79.447	7.3878	28.636	8.9104	51.338	4.92205	74	12.7284	35.577	13.1112	40.754
2023/1/19	9.7244	107.272	5.32896	17.853	8.9104	54.237	26.86152	46.429	14.8498	55.337	11.706	17.359
2023/1/20	4.26777	210	7.3878	100.996	14.2212	50.28	5.9118	45	16.8016	7.475	13.1112	100.873
2023/1/22	15.6464	16.525	7.3878	31.08	7.55067	48	5.92655	46	14.8498	17.629	13.1112	21.121
2023/1/23	15.6464	2.636	12.07548	17	10.627	10.052	5.92655	118	14.8498	31.043	13.1112	42.328
2023/1/24	4.26777	61	7.3878	55.188	10.627	4.407	26.86152	25.849	14.8498	21.085	10.06756	23.19
2023/1/25	4.26777	26	12.07548	35	16.135	25.577	5.92655	32	16.8016	10.434	13.1112	86.136
2023/1/26	5.36207	40	7.3878	43.01	8.9104	71.676	5.9118	31	14.8498	29.087	10.06756	17.207
2023/1/27	4.26777	54	12.07548	33	7.55067	37	5.92655	72	14.7014	8.204	13.1112	45.749
2023/1/28	4.26777	67	12.07548	23	8.9104	65.672	8.97476	9	14.7014	6.183	13.1112	33.914
2023/1/29	5.36207	28	5.91024	23.493	4.92435	32	4.5	9	14.8498	13.391	13.1112	23.59
2023/1/30	10.57	39.358	5.91024	22.775	4.92435	40	22.53636	11.545	14.8498	10.741	10.926	22.51
2023/1/31	12.684	23.588	5.06592	21.594	4.92435	21	6.48823	1	14.8498	8.325	10.926	22.269
2023/2/1	12.684	26.092	5.06592	14.348	10.24696	24.943	5.9118	12	14.8498	9.58	10.06756	12.542
2023/2/2	12.684	30.781	5.06592	17.057	1.75088	40.897	5.92655	58	12.7284	13.021	10.926	27.084
2023/2/3	5.36207	61	12.07548	11	10.64256	6.093	4.5	19	12.7284	10.764	10.06756	19.684
2023/2/4	3.17347	12	5.06592	47.684	10.64256	8.472	4.5	16	12.6012	4.825	10.926	30.057
2023/2/5	13.2216	17.768	5.06592	46.317	13.644	18.011	18.6174	11.224	12.7284	11.518	10.926	30.076
2023/2/6	7.55067	5	6.6972	9.53	6.45637	15	14.2259	2.114	12.6012	2.442	10.926	22.804
2023/2/7	11.627	23.225	5.06592	10.775	10.24696	15.294	20.4876	8.02	12.7284	10.81	13.1112	19.853
2023/2/8	7.55067	2	5.06592	21.993	1.75088	27.949	20.4876	5.915	12.7284	6.547	13.1112	18.31
2023/2/9	11.627	29.83	5.06592	21.759	4.4256	5.859	5.92655	29	12.7284	10.018	13.1112	14.491
2023/2/10	5.36207	34	7.77384	4.311	4.92435	25	5.92655	34	12.7284	11.171	13.1112	20.963
2023/2/11	4.26777	49	4.85484	49.743	1.75088	38.716	8.97476	6	10.607	13.306	10.926	36.589
2023/2/12	4.26777	45	12.07548	11	7.55067	47	8.97476	4	10.607	24.953	10.926	30.438
2023/2/13	11.627	21.698	12.07548	21	1.75088	42.244	5.9118	22	10.607	13.081	10.943	16.55
2023/2/14	12.2612	21.929	4.2216	24.572	6.23728	17.187	5.92655	32	10.607	10.833	10.05192	22.609
2023/2/15	3.83005	13	4.2216	30.582	6.45637	14	4.5	9	11.6677	5.322	10.05192	20.051
2023/2/16	12.684	20.388	5.06592	18.357	6.23728	17.078	20.4876	8.999	12.7284	5.905	10.05192	24.191
2023/2/17	2.51689	49	5.06592	12.877	11.22	2.31	5.9118	21	12.7284	6.198	10.943	13.614
2023/2/18	14.798	26.452	5.06592	38.479	2.20086	56.65	5.9118	18	12.7284	19.577	10.05192	36.138
2023/2/19	14.798	28.129	5.06592	29.052	2.20086	17.389	20.4876	12.742	12.7284	11.549	6.5658	18.698
2023/2/20	14.798	17.135	5.06592	14.408	7.55067	21	20.4876	4.883	12.7284	5.844	10.05192	19.146
2023/2/21	14.798	19.063	12.07548	8	7.55067	21	4.92205	21	12.7284	10.812	10.05192	17.492
2023/2/22	4.26777	9	5.06592	19.261	2.20086	25.739	4.5585	9	12.6012	4.003	8.7544	13.943
2023/2/23	14.798	18.185	12.07548	5	22.49676	1.763	20.4876	7.585	12.7284	8.572	10.05192	16.615
2023/2/24	14.798	25.083	5.06592	22.749	4.92435	18	4.92205	30	12.6012	3.555	10.05192	20.755
2023/2/25	3.17347	13	5.06592	26.192	4.92435	39	14.2259	5.958	12.6012	3.429	10.05192	26.661
2023/2/26	2.51689	46	5.06592	27.64	3.17347	48	5.9118	14	14.8498	9.084	10.05192	29.905
2023/2/27	16.912	15.253	6.03774	7	4.92435	27	4.92205	15	14.8498	6.126	10.05192	13.221
2023/2/28	16.912	17.861	5.06592	12.854	9.1544	3.229	4.92205	20	14.9394	1.77	8.7544	13.72
2023/3/1	16.912	16.316	5.06592	10.06	3.99672	20	20.4876	5.39	14.8498	6.963	10.05192	14.28
2023/3/2	16.912	14.612	5.06592	16.298	4.92435	17	20.4876	7.782	12.6012	2.057	8.7544	11.323
2023/3/3	16.912	21.493	5.06592	17.936	4.92435	31	4.5585	11	14.8498	10.253	10.05192	22.14
2023/3/4	16.912	32.423	12.07548	7	22.7088	3.041	20.4876	12.98	14.8498	11.069	10.05192	21.529
2023/3/5	4.26777	43	5.06592	18.318	10.15036	5.284	4.5585	12	12.7284	12.478	10.05192	32.482
2023/3/6	16.912	15.941	40.843	2.527	5.36207	19	5.9118	10	12.7284	8.06	9.62984	10.433
2023/3/7	4.26777	8	9.93324	2.608	4.92435	16	6.45637	6	12.7284	7.728	10.05192	21.426
2023/3/8	4.26777	18	5.06592	10.209	5.36207	34	20.4876	12.61	14.9394	1.533	9.62984	14.056
2023/3/9	4.26777	46	5.06592	6.953	5.36207	15	20.4876	5.246	12.7284	4.541	10.05192	12.71
2023/3/10	16.912	16.403	5.06592	10.67	9.2488	1.507	14.2259	1.736	12.6012	3.596	9.62984	10.403
2023/3/11	16.912	19.988	5.06592	27.6	3.17347	67	26.1488	14.34	12.7284	18.851	9.62984	15.802
2023/3/12	16.912	27.256	5.06592	26.612	4.26777	49	2.51125	46	12.6012	4.482	9.62984	19.536
2023/3/13	16.912	15.457	5.06592	10.65	4.4256	10.127	4.5585	8	12.7284	8.921	9.62984	10.596
2023/3/14	6.45637	17	5.06592	5.02	8.8264	4.221	20.4876	6.903	12.6012	4.833	9.62984	9.076
2023/3/15	6.45637	32	5.06592	9.095	8.5016	4.61	23.9328	11.202	12.6012	4.231	9.62984	9.683
2023/3/16	10.50528	2.042	38.258	2.621	2.07917	25	23.9328	9.734	12.7284	9.819	10.05192	18.169
2023/3/17	6.12808	51	38.258	2.449	8.53344	9.384	23.9328	15.301	12.7284	14.126	9.62984	20.264
2023/3/18	5.36207	8	38.258	2.467	5.36207	50	23.9328	17.392	12.7284	20.596	9.62984	19.457
2023/3/19	11.627	29.562	5.06592	24.279	8.53344	19.769	23.9328	20.161	12.7284	20.755	10.926	36.361
2023/3/20	5.36207	5	38.258	2.498	2.07917	53	9.37816	1	14.9394	0.451	10.926	21.308
2023/3/21	10.57	23.516	38.258	2.473	5.36207	25	3.0135	24	11.24342	7.737	10.926	14.895
2023/3/22	7.6104	43.126	12.07548	4	2.1886	49	23.9328	10.858	11.24342	11.364	11.81844	13.439
2023/3/23	6.01865	3	33.3465	2.512	2.1886	57	3.039	15	11.24342	8.997	12.0186	17.887
2023/3/24	17.5088	7.624	5.06592	10.773	9.44418	3.611	3.0135	44	10.607	13.826	11.81844	16.999
2023/3/25	17.5088	5.221	10.797	6.919	6.1488	16	23.9328	16.22	10.607	17.742	12.0186	15.598
2023/3/26	8.20725	50	33.3465	2.441	8.5016	8.077	23.9328	11.539	10.607	15.78	12.0186	18.645
2023/3/27	35.89304	1.076	5.06592	6.133	9.44418	3.624	23.9328	8.109	10.607	9.125	12.0186	11.361
2023/3/28	7.6104	19.187	5.06592	6.006	3.2829	39	3.039	10	9.12202	11.028	11.81844	10.242
2023/3/29	7.6104	28.114	12.07548	5	15.6492	0.365	23.9328	8.453	9.12202	7.747	12.0186	14.747
2023/3/30	4.26777	17	10.797	5.614	5.36207	18	8.97476	5	9.12202	11.169	12.0186	15.256
2023/3/31	5.36207	7	10.797	1.717	43.74216	1.999	3.0135	61	9.12202	18.308	11.81844	19.345
2023/4/1	3.2829	12	33.3465	2.493	5.36207	37	23.9328	12.19	8.4856	19.237	12.0186	22.636
2023/4/2	4.92435	8	10.797	2.59	3.00768	27.273	5.9118	20	8.4856	15.542	11.81844	15.375
2023/4/3	20.7917	2.68	5.06592	10.585	8.5016	5.704	23.9328	7.964	8.4856	16.443	12.0186	13.343
2023/4/4	6.9762	28.52	5.06592	8.757	9.44418	6.123	23.9328	11.844	8.4856	15.979	12.0186	14.12
2023/4/5	4.92435	37	33.3465	1.712	6	0.671	3.0135	59	8.4856	18.708	12.0186	22.05
2023/4/6	4.92435	26	10.797	3.315	5.36207	32	23.9328	7.187	8.4856	10.83	15.3202	11.086
2023/4/7	6.9762	28.583	33.3465	3.052	4.4132	6.944	3.0135	35	8.4856	9.11	12.0186	19.893
2023/4/8	6.9762	31.05	5.06592	11.551	6.8658	7.03	23.9328	14.287	8.4856	17.039	12.0186	25.847
2023/4/9	20.7917	3.556	12.07548	15	2.73575	49	8.97476	7	8.4856	11.432	12.0373	13.68
2023/4/10	20.7917	1.915	5.06592	8.969	4.4132	7.601	14.2259	0.949	8.4856	9.298	10.926	11.931
2023/4/11	5.36207	6	33.3465	0.641	4.4132	5.758	23.9328	6.877	8.4856	10.366	10.926	9.793
2023/4/12	7.6104	18.478	12.07548	5	4.26777	28	23.9328	5.77	12.6012	1.839	10.926	13.105
2023/4/13	9.7244	12.36	10.797	1.828	4.92435	8	23.9328	7.841	12.6012	1.513	10.926	12.486
2023/4/14	14.54376	4.885	33.3465	3.689	6.8172	10.421	14.2259	4.275	9.12202	15.936	13.1112	14.231
2023/4/15	9.7244	27.914	10.797	2.571	6.13548	7.725	6.45637	9	12.6012	3.094	13.1112	15.287
2023/4/16	4.92435	33	5.06592	6.153	3.53056	7.564	23.9328	7.798	9.12202	16.635	13.1112	13.872
2023/4/17	9.7244	9.139	5.06592	1.407	5.90824	12.292	23.9328	4.256	8.4856	6.508	13.1112	10.416
2023/4/18	9.7244	13.669	25.333	0.888	4.91904	15	23.9328	4.757	8.4856	12.5	8.7544	5.641
2023/4/19	28.10394	0.223	25.333	1.745	8.5016	7.915	23.9328	4.464	12.6012	3.093	8.7544	5.716
2023/4/20	7.8218	19.401	12.07548	5	4.92435	11	23.9328	6.378	8.4856	7.185	8.7544	9.059
2023/4/21	7.8218	23.348	12.07548	11	3.08152	10.001	5.9118	8	8.4856	25.765	13.1112	16.329
2023/4/22	7.8218	38.344	12.07548	8	3.08152	9.533	23.9328	13.018	8.4856	31.019	13.1112	23.19
2023/4/23	7.8218	9.541	10.797	3.334	4.92435	41	5.9118	6	8.4856	13.27	13.1112	20.939
2023/4/24	6.342	38.418	5.06592	6.197	6.8172	5.724	23.9328	7.804	6.3006	3.859	7.87896	6.159
2023/4/25	5.03378	5	5.3985	4.437	3.17347	33	3	18	6.3642	14.301	7.87896	6.775
2023/4/26	6.34694	5	25.333	2.24	4.3772	21	7.24676	4	6.3642	14.33	13.1112	10.579
2023/4/27	3.83005	10	10.797	6.085	5.124	8	14.2259	4.044	8.5368	1.697	7.87896	5.334
2023/4/28	6.34694	7	25.333	0.872	3.17347	35	3.0135	31	8.4008	4.924	13.1112	11.799
2023/4/29	6.342	43.398	5.06592	12.982	12.4982	5.932	3.0135	60	7.4249	27.359	8.7544	16.045
2023/4/30	20.7917	3.371	49.1238	2.026	3.53056	10.255	3.0135	47	8.4008	7.325	9.8487	15.414
2023/5/1	6.342	27.236	5.06592	8.739	7.1112	11.292	3	18	8.4856	27.112	13.1112	9.632
2023/5/2	4.92435	11	10.797	3.314	4.26777	36	3.507	16	8.4856	24.094	13.1112	10.947
2023/5/3	4.92435	9	5.06592	4.769	7.1112	11.143	5.8116	11	8.4856	22.717	13.1112	14.892
2023/5/4	4.92435	26	13.9956	2.451	4.4132	9.396	3	13	8.4856	25.655	13.1112	13.823
2023/5/5	7.6104	22.575	5.06592	6.994	11.362	16.238	3.0135	27	8.4856	22.324	9.8487	15.831
2023/5/6	7.6104	28.898	13.9956	3.472	4.3772	16	3.0135	53	8.4856	23.097	9.8487	24.411
2023/5/7	7.6104	40.937	13.9956	2.876	9.0896	19.509	5.8116	23	8.4856	39.966	13.1112	27.527
2023/5/8	11.018	7.806	41.6808	1.244	4.3772	14	14.2259	4.075	8.4856	21.757	13.1112	15.363
2023/5/9	11.018	11.054	5.06592	3.004	4.26777	21	14.2259	5.737	8.4856	17.224	7.87896	10.784
2023/5/10	11.018	6.738	13.9956	0.661	4.4132	9.018	3	19	8.4856	28.106	7.87896	11.009
2023/5/11	6.34694	8	36.7188	3.194	5.45192	8.686	23.9328	3.824	8.4856	13.908	7.87896	10.157
2023/5/12	11.018	13.116	13.9956	1.237	12.9132	3.67	26.1488	4.143	7.4249	24.496	10.926	16.352
2023/5/13	4.92435	40	36.7188	9.263	9.0896	18.553	26.1488	8.371	7.4249	33.208	7.87896	19.792
2023/5/14	11.018	14.519	5.06592	10.103	10.233	8.939	9.88232	3	7.4249	32.974	7.87896	22.125
2023/5/15	11.018	8.293	25.333	1.097	4.4132	9.901	4.018	28	7.4249	21.097	7.87896	11.022
2023/5/16	7.6104	17.473	13.9956	1.011	12.9132	4.975	14.2259	4.298	7.4249	14.181	7.87896	7.53
2023/5/17	4.92435	16	25.333	2.184	4.3772	19	3	16	7.4249	14.296	13.1112	13.405
2023/5/18	11.018	9.28	13.9956	0.969	7.1112	5.054	26.1488	3.756	7.4249	11.595	13.1112	16.076
2023/5/19	11.018	12.241	5.06592	6.595	7.1112	12.016	4.018	32	7.4249	15.232	13.1112	12.176
2023/5/20	7.6104	17.712	5.06592	3.193	4.26777	41	26.592	6.754	7.4249	33.825	13.1112	17.114
2023/5/21	23.63688	4.029	34.2378	4.023	4.6272	8.436	26.592	9.032	7.4249	38.276	8.7544	12.747
2023/5/22	7.6104	18.744	5.06592	4.978	4.4132	9.522	3	17	7.4249	25.433	13.1112	10.108
2023/5/23	11.018	8.617	5.06592	6.154	4.3772	30	4.018	22	7.4249	23.022	8.7544	6.018
2023/5/24	12.684	15.668	24.816	1.279	4.7408	9.498	4.018	17	7.4249	15.749	13.1112	12.853
2023/5/25	11.018	11.901	23.265	1.682	6.8172	5.539	3	12	10.69	4.076	13.1112	6.171
2023/5/26	6.342	18.395	34.2378	5.188	4.15834	17	4.018	22	14.2259	1.674	7.6601	10.804
2023/5/27	5.285	33.937	29.2758	6.759	4.4132	16.167	26.592	7.754	7.4249	24.313	14.42232	22.654
2023/5/28	7.55067	25	29.2758	5.062	6.16304	11.281	5.511	23	6.3642	30.826	8.7544	15.35
2023/5/29	11.018	12.22	13.06256	0.995	4.92435	20	5.511	10	6.3642	19.551	14.42232	11.141
2023/5/30	5.285	20.105	18.095	2.235	6.16304	6.86	26.592	4.299	12.828	9.456	14.2259	3.205
2023/5/31	6.34694	5	18.095	1.196	6.8172	13.76	5.511	13	7.00062	15.976	15.2964	11.005
2023/6/1	16.4145	1.456	18.095	0.795	8.6736	5.162	4.018	21	7.68312	0.922	15.2964	13.369
2023/6/2	9.73927	11	18.095	2.708	4.92435	36	4.018	33	7.6601	1.805	14.2259	3.375
2023/6/3	5.285	25.728	29.2758	9.327	7.78124	7.56	26.592	6.541	14.966	9.221	15.2964	24.989
2023/6/4	4.228	26.848	18.095	2.092	4.6272	15.205	5.511	18	7.00062	23.326	15.2964	20.432
2023/6/5	4.228	23.44	17.5376	0.357	9.54096	7.283	26.592	3.192	7.00062	14.939	15.2964	15.286
2023/6/6	4.228	20.281	29.2758	4.622	4.6272	5.557	4.15834	3	14.966	4.034	15.2964	20.226
2023/6/7	4.228	10.885	17.5376	3.259	4.92435	32	26.592	3.446	7.63704	12.207	16.60752	11.835
2023/6/8	4.8622	19.936	29.2758	3.715	4.6272	17.728	2.4108	16	8.5368	2.135	16.60752	14.19
2023/6/9	4.8622	20.111	24.5619	4.956	4.6272	14.346	2.51125	22	6.3642	12.721	16.60752	11.62
2023/6/10	4.8622	24.673	19.646	3.602	9.0896	22.526	5.511	21	6.3642	26.698	16.60752	20.201
2023/6/11	20.35398	5.9	16.4145	0.954	4.6272	17.683	24.376	5.626	14.966	12.638	16.60752	16.851
2023/6/12	8.8144	8.014	29.772	3.986	9.0896	9.99	2.009	13	6.3642	14.717	14.2259	10.486
2023/6/13	6.34694	26	19.646	1.952	9.0896	9.461	24.376	6.24	6.3642	13.494	16.60752	10.189
2023/6/14	8.8144	8.507	19.646	1.029	6.6198	6.762	3	11	5.46052	3.063	16.60752	8.898
2023/6/15	21.886	0.86	29.772	3.711	5.55264	9.723	5.511	10	12.828	6.691	16.60752	8.887
2023/6/16	10.13656	5.658	19.646	1.425	4.6272	9.95	24.376	4.503	6.3642	12.987	14.2259	5.47
2023/6/17	21.886	2.03	16.8864	9.249	4.6272	19.424	26.592	11.35	6.3642	30.49	16.60752	26.791
2023/6/18	8.8144	13.016	16.8864	8.154	4.92435	63	5.511	24	6.3642	33.059	16.60752	20.716
2023/6/19	4.8622	16.382	32.253	4.866	10.943	3.377	26.592	5.293	12.828	6.112	16.60752	12.363
2023/6/20	8.8144	5.622	19.646	2.5	4.92435	19	2.009	12	12.828	3.913	16.60752	12.21
2023/6/21	4.8622	12.785	32.253	9.132	4.6272	11.49	26.592	3.364	6.3006	7.433	14.42232	16.697
2023/6/22	6.34694	34	32.253	11.218	4.92435	29	26.592	11.476	9.8487	1.671	15.2964	17.912
2023/6/23	21.66714	2.505	16.8864	6.016	4.5448	21.115	3	12	6.3642	18.258	15.2964	9.279
2023/6/24	3.06404	18	16.8864	7.656	4.5448	16.569	26.592	6.18	8.5368	0.867	15.2964	9.387
2023/6/25	5.4964	11.883	32.253	4.741	4.92435	37	3	11	6.3642	16.448	15.2964	10.681
2023/6/26	5.4964	10.334	16.8864	4.493	6.01536	7.636	2.009	9	6.3642	16.395	15.2964	8.083
2023/6/27	5.4964	17.095	32.253	4.98	4.5448	14.095	26.592	3.708	12.828	2.332	13.1112	14.272
2023/6/28	13.2216	6.339	16.8864	6.587	4.92435	33	2.009	26	6.3642	6.075	13.1112	13.401
2023/6/29	13.2216	7.692	16.8864	7.403	4.92435	35	3	11	6.3642	5.369	12.23712	15.18
2023/6/30	6.34694	23	10.72996	0.721	5.20416	5.88	2.009	13	5.54892	1.376	12.23712	16.9
